5.404267970261320553e-01 6.965815085158142406e-01
5.380150391417803935e-01 6.889660917135456142e-01
5.353353081591671891e-01 6.805045174888022519e-01
5.326555771765542069e-01 6.720429432640591116e-01
5.299758461939410026e-01 6.635813690393159714e-01
5.272961152113282424e-01 6.551197948145728311e-01
5.246163842287150381e-01 6.466582205898299129e-01
5.219366532461020558e-01 6.381966463650867727e-01
5.192569222634888515e-01 6.297350721403434104e-01
5.165771912808756472e-01 6.212734979156002701e-01
5.138974602982626649e-01 6.128119236908573519e-01
5.112177293156499047e-01 6.043503494661142117e-01
5.085379983330367004e-01 5.958887752413710714e-01
5.058582673504234961e-01 5.874272010166279312e-01
5.031785363678105139e-01 5.789656267918850130e-01
5.004988053851973095e-01 5.705040525671416507e-01
4.978190744025843273e-01 5.620424783423985104e-01
4.951393434199715671e-01 5.535809041176553702e-01
4.924596124373583628e-01 5.451193298929122300e-01
4.897798814547451585e-01 5.366577556681690897e-01
4.871001504721321762e-01 5.281961814434263935e-01
4.844204194895189719e-01 5.197346072186830312e-01
4.817406885069057676e-01 5.112730329939398910e-01
4.790609575242927853e-01 5.028114587691967508e-01
4.763812265416800251e-01 4.943498845444536105e-01
4.737014955590668208e-01 4.858883103197104703e-01
4.710217645764538386e-01 4.774267360949673300e-01
4.683420335938406343e-01 4.689651618702244118e-01
4.656623026112276520e-01 4.605035876454810495e-01
4.629825716286144477e-01 4.520420134207379093e-01
4.603028406460014654e-01 4.435804391959949911e-01
4.576231096633884832e-01 4.351188649712518508e-01
4.549433786807752789e-01 4.266572907465087106e-01
4.522636476981622966e-01 4.181957165217655703e-01
4.493159436172877719e-01 4.088879848745481382e-01
4.466362126346745676e-01 4.004264106498047759e-01
4.439564816520618074e-01 3.919648364250618577e-01
4.412767506694486030e-01 3.835032622003187175e-01
4.385970196868356208e-01 3.750416879755755772e-01
4.359172887042224165e-01 3.665801137508322149e-01
4.332375577216094342e-01 3.581185395260892967e-01
4.305578267389962299e-01 3.496569653013461565e-01
4.278780957563832477e-01 3.411953910766027942e-01
4.251983647737702654e-01 3.327338168518598760e-01
4.225186337911570611e-01 3.242722426271167357e-01
4.198389028085440788e-01 3.158106684023735955e-01
4.171591718259310966e-01 3.073490941776304552e-01
4.144794408433178923e-01 2.988875199528875370e-01
4.117997098607046880e-01 2.904259457281441748e-01
4.091199788780919278e-01 2.819643715034010345e-01
4.064402478954787234e-01 2.735027972786578943e-01
4.037605169128655191e-01 2.650412230539149760e-01
4.010807859302527589e-01 2.565796488291718358e-01
3.984010549476395546e-01 2.481180746044286956e-01
3.957213239650263503e-01 2.396565003796855553e-01
3.930415929824133681e-01 2.311949261549421930e-01
3.903618619998003858e-01 2.227333519301992748e-01
3.876821310171871815e-01 2.142717777054561346e-01
3.850024000345741992e-01 2.058102034807129943e-01
3.823226690519612170e-01 1.973486292559700761e-01
3.796429380693480127e-01 1.888870550312267138e-01
3.769632070867350304e-01 1.804254808064835736e-01
3.742834761041220482e-01 1.719639065817404333e-01
3.716037451215088439e-01 1.635023323569972931e-01
3.689240141388956395e-01 1.550407581322543749e-01
3.662442831562828793e-01 1.465791839075110126e-01
3.635645521736696750e-01 1.381176096827680944e-01
3.606168480927953723e-01 1.288098780355506623e-01
3.579371171101821680e-01 1.203483038108075220e-01
3.552573861275691858e-01 1.118867295860641597e-01
3.525776551449562035e-01 1.034251553613212415e-01
3.498979241623429992e-01 9.496358113657810129e-02
3.472181931797297949e-01 8.650200691183496104e-02
3.445384621971168126e-01 7.804043268709182080e-02
3.418587312145038304e-01 6.957885846234890259e-02
3.391790002318908481e-01 6.111728423760554030e-02
3.364992692492776438e-01 5.265571001286240005e-02
3.338195382666646616e-01 4.419413578811925980e-02
3.311398072840514573e-01 3.573256156337611955e-02
3.283542920960083045e-01 2.675006794060008630e-02
3.252977822068543468e-01 1.779468650370197302e-02
3.222684511090552206e-01 1.145116623009578838e-02
3.187057362308951536e-01 7.269186229559743140e-03
3.140490750006543763e-01 4.798425611870049678e-03
3.077379048466151179e-01 3.588563486804696723e-03
2.992116631970593854e-01 3.189278964140562778e-03
2.897270524297597127e-01 3.150851581508185006e-03
2.828063732028718302e-01 3.150851581508185006e-03
2.758856939759839477e-01 3.150851581508185006e-03
2.689650147490960652e-01 3.150851581508185006e-03
2.620443355222084048e-01 3.150851581508185006e-03
2.551236562953203002e-01 3.150851581508185006e-03
2.482029770684324177e-01 3.150851581508185006e-03
2.412822978415447572e-01 3.150851581508185006e-03
2.343616186146566527e-01 3.150851581508185006e-03
2.274409393877689922e-01 3.150851581508185006e-03
2.205202601608808877e-01 3.150851581508185006e-03
2.135995809339930052e-01 3.150851581508185006e-03
2.066789017071051227e-01 3.150851581508185006e-03
1.997582224802172401e-01 3.150851581508185006e-03
1.921454753306406360e-01 3.150851581508185006e-03
1.852247961037527535e-01 3.150851581508185006e-03
1.783041168768648710e-01 3.150851581508185006e-03
1.713834376499769885e-01 3.150851581508185006e-03
1.644627584230891060e-01 3.150851581508185006e-03
1.575420791962012235e-01 3.150851581508185006e-03
1.506213999693133410e-01 3.150851581508185006e-03
1.437007207424254585e-01 3.150851581508185006e-03
1.367800415155375759e-01 3.150851581508185006e-03
1.298593622886496934e-01 3.150851581508185006e-03
1.229386830617618109e-01 3.150851581508185006e-03
1.160180038348739284e-01 3.150851581508185006e-03
1.090973246079858239e-01 3.150851581508185006e-03
1.021766453810981634e-01 3.150851581508185006e-03
9.525596615421028091e-02 3.150851581508185006e-03
8.833528692732239840e-02 3.150851581508185006e-03
8.131444147074939899e-02 3.160850307670548531e-03
7.324228070783900257e-02 3.420817187889779731e-03
6.594859092981342208e-02 4.400692351793855650e-03
5.967475848857639598e-02 6.580414655172450722e-03
5.466216973602899820e-02 1.043992295381523938e-02
5.115221102407452314e-02 1.645915610351189606e-02
4.938626870461493290e-02 2.511805296005231725e-02
4.976175187676368239e-02 3.603526530596945499e-02
5.349836147263675734e-02 4.551692639271176510e-02
5.949163252425537785e-02 5.095746909994325335e-02
6.619727132018238258e-02 5.347942631086066712e-02
7.207098414898016614e-02 5.420533090866186399e-02
7.581301199356560439e-02 5.425411786666534120e-02
8.063369446421075892e-02 5.441350574771419701e-02
8.630392094202465891e-02 5.480369274028618065e-02
9.268327092995254368e-02 5.546190450752885859e-02
9.963132393094431549e-02 5.642536671259246184e-02
1.070076594479454357e-01 5.773130501862500097e-02
1.154487029594064573e-01 5.960782588084811984e-02
1.232673630421232680e-01 6.175413353246517190e-02
1.310790020999876848e-01 6.435831684081305681e-02
1.387431996359469455e-01 6.745760146904000720e-02
1.417361408328572381e-01 7.342994131959290627e-02
1.417361408328572381e-01 8.260125948189434020e-02
1.417361408328572381e-01 9.177257764419577413e-02
1.417361408328572381e-01 1.009438958064969860e-01
1.417361408328572381e-01 1.101152139687986420e-01
1.417361408328572381e-01 1.192865321311000759e-01
1.417361408328574601e-01 1.284578502934012878e-01
1.417361408328572381e-01 1.376291684557027217e-01
1.417361408328572381e-01 1.468004866180043777e-01
1.417361408328572381e-01 1.559718047803055896e-01
1.417361408328572381e-01 1.651431229426072456e-01
1.417361408328572381e-01 1.743144411049084574e-01
1.417361408328572381e-01 1.834857592672101134e-01
1.417361408328572381e-01 1.926570774295113253e-01
1.417361408328572381e-01 2.018283955918127592e-01
1.417361408328572381e-01 2.109997137541141932e-01
1.417361408328572381e-01 2.201710319164154050e-01
1.417361408328572381e-01 2.293423500787170610e-01
1.417361408328572381e-01 2.385136682410182729e-01
1.417361408328572381e-01 2.476849864033199289e-01
1.417361408328572381e-01 2.568563045656209187e-01
1.417361408328572381e-01 2.660276227279225747e-01
1.417361408328572381e-01 2.751989408902240086e-01
1.417361408328574601e-01 2.843702590525254426e-01
1.417361408328572381e-01 2.935415772148266544e-01
1.417361408328572381e-01 3.027128953771283104e-01
1.417361408328572381e-01 3.118842135394295223e-01
1.417361408328572381e-01 3.210555317017311783e-01
1.417361408328572381e-01 3.302268498640323902e-01
1.417361408328572381e-01 3.403152998425640341e-01
1.417361408328572381e-01 3.494866180048656901e-01
1.417361408328572381e-01 3.586579361671666799e-01
1.417361408328572381e-01 3.678292543294683359e-01
1.417361408328572381e-01 3.770005724917695478e-01
1.417361408328572381e-01 3.861718906540712037e-01
1.417361408328572381e-01 3.953432088163726377e-01
1.417361408328572381e-01 4.045145269786740716e-01
1.417361408328572381e-01 4.136858451409752835e-01
1.417361408328572381e-01 4.228571633032767174e-01
1.417361408328572381e-01 4.320284814655781513e-01
1.417361408328572381e-01 4.411997996278795853e-01
1.417361408328572381e-01 4.503711177901810192e-01
1.417361408328572381e-01 4.595424359524822311e-01
1.417361408328572381e-01 4.687137541147836650e-01
1.417361408328572381e-01 4.778850722770850989e-01
1.417361408328572381e-01 4.870563904393867549e-01
1.417361408328572381e-01 4.962277086016879668e-01
1.417361408328572381e-01 5.053990267639894007e-01
1.417361408328572381e-01 5.145703449262906126e-01
1.417361408328572381e-01 5.237416630885924906e-01
1.417361408328572381e-01 5.329129812508937025e-01
1.417361408328572381e-01 5.420842994131951365e-01
1.417361408328572381e-01 5.512556175754965704e-01
1.417361408328572381e-01 5.604269357377975602e-01
1.417361408328572381e-01 5.695982539000994382e-01
1.417361408328572381e-01 5.787695720624006501e-01
1.417361408328572381e-01 5.879408902247020841e-01
1.417361408328572381e-01 5.971122083870035180e-01
1.417361408328572381e-01 6.062835265493049519e-01
1.417361408328572381e-01 6.154548447116063858e-01
1.417361408328572381e-01 6.246261628739078198e-01
1.417361408328572381e-01 6.337974810362092537e-01
1.417361408328572381e-01 6.438859310147406756e-01
1.417361408328572381e-01 6.530572491770421095e-01
1.417361408328572381e-01 6.622285673393435435e-01
1.417361408328572381e-01 6.713998855016449774e-01
1.417361408328572381e-01 6.805712036639461893e-01
1.417361408328572381e-01 6.897425218262478452e-01
1.417361408328572381e-01 6.989138399885490571e-01
1.417361408328572381e-01 7.080851581508507131e-01
1.417361408328572381e-01 7.172564763131519250e-01
1.417361408328572381e-01 7.264277944754533589e-01
1.417361408328572381e-01 7.355991126377547928e-01
1.417361408328572381e-01 7.447704308000562268e-01
1.417361408328572381e-01 7.539417489623576607e-01
1.417361408328572381e-01 7.631130671246590946e-01
1.417361408328572381e-01 7.722843852869605286e-01
1.417361408328572381e-01 7.814557034492617404e-01
1.417361408328572381e-01 7.906270216115631744e-01
1.417361408328572381e-01 7.997983397738646083e-01
1.417361408328572381e-01 8.089696579361660422e-01
1.417361408328572381e-01 8.181409760984674762e-01
1.417361408328572381e-01 8.273122942607691321e-01
1.417361408328572381e-01 8.364836124230701220e-01
1.417361408328572381e-01 8.456549305853717780e-01
1.417332236050019567e-01 8.516362598829054775e-01
1.416808215490823475e-01 8.574773918887566015e-01
1.414987649218168997e-01 8.638074030643592138e-01
1.411060196161122438e-01 8.705299391953167376e-01
1.404215515248776747e-01 8.775486460672374811e-01
1.393643265410218213e-01 8.847671694657286423e-01
1.378533105574524242e-01 8.920891551763960869e-01
1.358074694670776683e-01 8.994182489848461248e-01
1.331457691628066264e-01 9.066580966766870642e-01
1.297871755375465952e-01 9.137123440375234384e-01
1.256506544842064255e-01 9.204846368529631118e-01
1.201052609392860848e-01 9.274935026951351968e-01
1.140713262683943352e-01 9.333600579973906353e-01
1.070082584374383305e-01 9.386459606896304653e-01
9.883502333932625561e-02 9.432548565574605526e-01
8.947058686696651719e-02 9.470903913864874291e-01
7.883391491326730005e-02 9.500562109623178486e-01
6.684397337113701099e-02 9.520559610705585651e-01
5.645061699144893197e-02 9.557340960275360064e-01
4.975655753964169925e-02 9.626993532020440281e-01
4.674730145580219265e-02 9.702095878096876902e-01
4.594892739274269999e-02 9.756941515809591792e-01
4.608796429004757833e-02 9.811256637795879865e-01
4.790947126816824664e-02 9.896968369829679535e-01
5.151112820516279278e-02 9.956939002504014979e-01
5.662321541029280425e-02 9.995765160704521701e-01
6.297601319282009058e-02 1.001804346931681078e+00
7.029980186200557313e-02 1.002837055322649551e+00
7.832486172711150552e-02 1.003134303731919363e+00
8.544613476541296215e-02 1.003150851581507741e+00
9.238556922055818355e-02 1.003150851581507741e+00
9.932500367570296085e-02 1.003150851581507741e+00
1.062644381308481822e-01 1.003150851581507741e+00
1.132038725859931816e-01 1.003150851581507741e+00
1.201433070411384030e-01 1.003150851581507741e+00
1.270827414962831803e-01 1.003150851581507741e+00
1.340221759514284017e-01 1.003150851581507741e+00
1.409616104065734010e-01 1.003150851581508185e+00
1.479010448617184004e-01 1.003150851581507741e+00
1.548404793168633997e-01 1.003150851581507741e+00
1.617799137720083991e-01 1.003150851581507741e+00
1.687193482271536205e-01 1.003150851581507741e+00
1.756587826822983978e-01 1.003150851581507741e+00
1.825982171374436192e-01 1.003150851581507741e+00
1.902315950381030518e-01 1.003150851581507741e+00
1.971710294932480512e-01 1.003150851581507741e+00
2.041104639483930505e-01 1.003150851581507741e+00
2.110498984035382719e-01 1.003150851581507741e+00
2.179893328586830492e-01 1.003150851581507741e+00
2.249287673138284926e-01 1.003150851581507741e+00
2.318682017689732699e-01 1.003150851581507741e+00
2.388076362241184913e-01 1.003150851581507741e+00
2.457470706792632686e-01 1.003150851581507741e+00
2.526865051344084900e-01 1.003150851581507741e+00
2.599920890777367433e-01 1.003123415076918157e+00
2.679278665518227687e-01 1.002757861648424953e+00
2.750368957706423867e-01 1.001576412165090080e+00
2.810777903822938573e-01 9.990991277711211982e-01
2.858091640348747742e-01 9.948460696107306322e-01
2.889896303764822871e-01 9.883372988281284854e-01
2.903778030552146561e-01 9.790928765675246392e-01
2.896568447435596827e-01 9.702752128953762156e-01
2.863211145641526567e-01 9.621520377128942592e-01
2.810855463131063381e-01 9.560544099756682623e-01
2.747761565433073372e-01 9.525297749391716806e-01
2.650143737887833417e-01 9.510714503366197725e-01
2.531266785104151484e-01 9.487730156517311109e-01
2.425297801150416710e-01 9.457134732315748415e-01
2.331494948737544703e-01 9.419630595282297847e-01
2.249116390576473279e-01 9.375920109937774249e-01
2.177420289378106943e-01 9.326705640802965824e-01
2.115664807853383511e-01 9.272689552398689639e-01
2.063108108713218591e-01 9.214574209245736114e-01
2.019008354668532235e-01 9.153061975864900113e-01
1.982623708430248932e-01 9.088855216776994261e-01
1.953212332709297616e-01 9.022656296502820084e-01
1.930032390216591676e-01 8.955167579563170221e-01
1.910846376048731532e-01 8.880278547836510938e-01
1.898337762959407815e-01 8.812367454414580248e-01
1.889760887502192066e-01 8.745343894341663926e-01
1.884373912388006556e-01 8.679910232138556836e-01
1.881435000327782436e-01 8.616768832326069383e-01
1.880202314032428657e-01 8.556622059424991988e-01
1.879934016212878589e-01 8.500172277956137279e-01
1.879930677945078621e-01 8.428986949789860628e-01
1.879930677945078621e-01 8.337193098871922281e-01
1.879930677945076400e-01 8.245399247953981714e-01
1.879930677945080841e-01 8.153605397036045588e-01
1.879930677945078621e-01 8.061811546118105021e-01
1.879930677945078621e-01 7.970017695200166674e-01
1.879930677945078621e-01 7.878223844282228328e-01
1.879930677945076400e-01 7.786429993364287760e-01
1.879930677945078621e-01 7.694636142446353855e-01
1.879930677945078621e-01 7.602842291528413288e-01
1.879930677945078621e-01 7.511048440610474941e-01
1.879930677945078621e-01 7.419254589692536594e-01
1.879930677945076400e-01 7.327460738774596027e-01
1.879930677945078621e-01 7.235666887856659901e-01
1.879930677945078621e-01 7.143873036938721555e-01
1.879930677945078621e-01 7.052079186020780988e-01
1.879930677945078621e-01 6.960285335102844861e-01
1.879930677945080841e-01 6.868491484184906515e-01
1.879930677945078621e-01 6.776697633266965948e-01
1.879930677945076400e-01 6.684903782349027601e-01
1.879930677945078621e-01 6.593109931431089255e-01
1.879930677945078621e-01 6.501316080513153128e-01
1.879930677945076400e-01 6.409522229595214782e-01
1.879930677945078621e-01 6.317728378677274215e-01
1.879930677945080841e-01 6.225934527759338089e-01
1.879930677945078621e-01 6.134140676841395301e-01
1.879930677945078621e-01 6.033167440831666006e-01
1.879930677945080841e-01 5.941373589913729880e-01
1.879930677945078621e-01 5.849579738995787093e-01
1.879930677945080841e-01 5.757785888077850966e-01
1.879930677945078621e-01 5.665992037159912620e-01
1.879930677945078621e-01 5.574198186241972053e-01
1.879930677945080841e-01 5.482404335324035927e-01
1.879930677945076400e-01 5.390610484406095360e-01
1.879930677945078621e-01 5.298816633488157013e-01
1.879930677945078621e-01 5.207022782570218666e-01
1.879930677945076400e-01 5.115228931652278099e-01
1.879930677945078621e-01 5.023435080734344194e-01
1.879930677945078621e-01 4.931641229816403627e-01
1.879930677945078621e-01 4.839847378898467500e-01
1.879930677945078621e-01 4.748053527980526933e-01
1.879930677945078621e-01 4.656259677062588587e-01
1.879930677945078621e-01 4.564465826144650240e-01
1.879930677945078621e-01 4.472671975226711893e-01
1.879930677945078621e-01 4.380878124308771326e-01
1.879930677945078621e-01 4.289084273390835200e-01
1.879930677945078621e-01 4.197290422472896854e-01
1.879930677945078621e-01 4.105496571554956287e-01
1.879930677945078621e-01 4.013702720637020160e-01
1.879930677945078621e-01 3.921908869719081814e-01
1.879930677945076400e-01 3.830115018801141247e-01
1.879930677945076400e-01 3.738321167883205121e-01
1.879930677945078621e-01 3.646527316965266774e-01
1.879930677945076400e-01 3.554733466047328427e-01
1.879930677945078621e-01 3.462939615129387860e-01
1.879930677945078621e-01 3.371145764211451734e-01
1.879930677945076400e-01 3.279351913293511167e-01
1.879930677945078621e-01 3.187558062375572820e-01
1.879930677945078621e-01 3.095764211457636694e-01
1.879930677945078621e-01 3.003970360539696127e-01
1.879930677945078621e-01 2.902997124529964612e-01
1.879930677945078621e-01 2.811203273612026265e-01
1.879930677945078621e-01 2.719409422694085698e-01
1.879930677945078621e-01 2.627615571776147352e-01
1.879930677945078621e-01 2.535821720858211226e-01
1.879930677945078621e-01 2.444027869940272879e-01
1.879930677945078621e-01 2.352234019022332312e-01
1.879930677945076400e-01 2.260440168104396186e-01
1.879930677945078621e-01 2.168646317186455619e-01
1.879930677945078621e-01 2.076852466268519493e-01
1.879930677945078621e-01 1.985058615350581146e-01
1.879930677945078621e-01 1.893264764432640579e-01
1.879930677945078621e-01 1.801470913514704453e-01
1.879930677945078621e-01 1.709677062596763886e-01
1.879930677945078621e-01 1.617883211678825539e-01
1.879930677945078621e-01 1.526089360760887192e-01
1.879930677945078621e-01 1.434295509842948846e-01
1.879930677945078621e-01 1.342501658925012720e-01
1.879930677945078621e-01 1.250707808007069932e-01
1.896281485579180970e-01 1.216324294415969121e-01
1.922967753557245363e-01 1.300987129026249800e-01
1.949654021535311976e-01 1.385649963636532700e-01
1.976340289513376369e-01 1.470312798246815600e-01
2.003026557491440762e-01 1.554975632857098500e-01
2.029712825469505155e-01 1.639638467467381400e-01
2.056399093447569548e-01 1.724301302077664300e-01
2.083085361425636162e-01 1.808964136687947200e-01
2.109771629403700555e-01 1.893626971298230099e-01
2.136457897381764948e-01 1.978289805908512999e-01
2.163144165359827120e-01 2.062952640518793679e-01
2.189830433337893734e-01 2.147615475129076579e-01
2.216516701315958127e-01 2.232278309739361699e-01
2.243202969294024740e-01 2.316941144349642379e-01
2.272557864069897349e-01 2.410070262420953568e-01
2.299244132047961742e-01 2.494733097031238689e-01
2.325930400026026135e-01 2.579395931641519368e-01
2.352616668004090528e-01 2.664058766251802268e-01
2.379302935982154921e-01 2.748721600862085168e-01
2.405989203960221534e-01 2.833384435472368068e-01
2.432675471938285927e-01 2.918047270082650968e-01
2.459361739916350320e-01 3.002710104692931647e-01
2.486048007894414713e-01 3.087372939303214547e-01
2.512734275872479106e-01 3.172035773913499668e-01
2.539420543850543499e-01 3.256698608523782568e-01
2.566106811828610113e-01 3.341361443134063247e-01
2.592793079806674506e-01 3.426024277744346147e-01
2.619479347784738898e-01 3.510687112354629047e-01
2.646165615762803291e-01 3.595349946964911947e-01
2.672851883740867684e-01 3.680012781575194847e-01
2.699538151718932077e-01 3.764675616185477747e-01
2.726224419696996470e-01 3.849338450795760647e-01
2.752910687675063084e-01 3.934001285406041326e-01
2.779596955653127477e-01 4.018664120016324226e-01
2.806283223631191870e-01 4.103326954626609346e-01
2.832969491609256263e-01 4.187989789236890026e-01
2.859655759587322876e-01 4.272652623847172926e-01
2.886342027565387269e-01 4.357315458457455826e-01
2.913028295543453883e-01 4.441978293067740946e-01
2.939714563521516055e-01 4.526641127678021626e-01
2.966400831499582669e-01 4.611303962288304525e-01
2.993087099477644841e-01 4.695966796898587425e-01
3.019773367455711455e-01 4.780629631508870325e-01
3.046459635433775848e-01 4.865292466119151005e-01
3.073145903411842461e-01 4.949955300729433905e-01
3.099832171389904634e-01 5.034618135339716805e-01
3.126518439367969027e-01 5.119280969949999704e-01
3.155873334143841635e-01 5.212410088021313115e-01
3.182559602121908249e-01 5.297072922631593794e-01
3.209245870099972642e-01 5.381735757241876694e-01
3.235932138078037035e-01 5.466398591852161815e-01
3.262618406056101428e-01 5.551061426462440274e-01
3.289304674034165821e-01 5.635724261072723174e-01
3.315990942012230214e-01 5.720387095683008294e-01
3.342677209990296827e-01 5.805049930293293414e-01
3.369363477968361220e-01 5.889712764903574094e-01
3.396049745946425613e-01 5.974375599513854773e-01
3.422736013924490006e-01 6.059038434124139894e-01
3.449422281902554399e-01 6.143701268734422793e-01
3.476108549880621013e-01 6.228364103344703473e-01
3.502794817858685406e-01 6.313026937954986373e-01
3.529481085836752019e-01 6.397689772565269273e-01
3.556167353814816412e-01 6.482352607175552173e-01
3.582853621792880805e-01 6.567015441785832852e-01
3.609539889770945198e-01 6.651678276396117973e-01
3.636226157749009591e-01 6.736341111006400872e-01
3.662912425727073984e-01 6.821003945616681552e-01
3.689598693705138377e-01 6.905666780226964452e-01
3.716284961683202770e-01 6.990329614837249572e-01
3.742971229661267163e-01 7.074992449447532472e-01
3.769657497639333776e-01 7.159655284057813152e-01
3.796343765617400390e-01 7.244318118668096051e-01
3.823030033595464783e-01 7.328980953278378951e-01
3.849716301573531396e-01 7.413643787888661851e-01
3.876402569551595789e-01 7.498306622498944751e-01
3.903088837529657962e-01 7.582969457109227651e-01
3.929775105507722355e-01 7.667632291719510551e-01
3.956461373485786748e-01 7.752295126329793451e-01
3.983147641463853361e-01 7.836957960940076351e-01
4.009833909441917754e-01 7.921620795550359251e-01
4.036520177419982147e-01 8.006283630160642151e-01
4.065875072195854756e-01 8.099412748231953341e-01
4.092561340173919149e-01 8.184075582842234020e-01
4.119247608151983542e-01 8.268738417452516920e-01
4.145933876130050155e-01 8.353401252062802040e-01
4.172620144108114548e-01 8.438064086673084940e-01
4.199306412086178941e-01 8.522726921283365620e-01
4.225992680064243334e-01 8.607389755893646299e-01
4.252678948042307727e-01 8.692052590503931420e-01
4.279365216020372120e-01 8.776715425114212099e-01
4.306051483998438734e-01 8.861378259724494999e-01
4.332737751976505347e-01 8.946041094334780119e-01
4.359424019954569740e-01 9.030703928945060799e-01
4.386110287932631913e-01 9.115366763555343699e-01
4.412796555910696306e-01 9.200029598165626599e-01
4.439482823888762919e-01 9.284692432775909499e-01
4.466169091866827312e-01 9.369355267386194619e-01
4.492855359844891705e-01 9.454018101996473078e-01
4.519541627822956098e-01 9.538680936606758198e-01
4.546227895801020491e-01 9.623343771217041098e-01
4.572914163779084884e-01 9.708006605827323998e-01
4.614609361966555134e-01 9.822908924574198508e-01
4.664302517788212477e-01 9.923912136253028038e-01
4.711352420640637639e-01 9.986655493917266924e-01
4.755759070523819521e-01 1.001954775669098741e+00
4.797522467437769222e-01 1.003099768369828837e+00
4.854687321571211633e-01 1.002614811435522224e+00
4.913145042026512144e-01 9.994741822114081575e-01
4.956306159650576415e-01 9.937990842119486246e-01
4.990743433472457635e-01 9.859063260340621415e-01
5.023029622521193449e-01 9.761127162746676689e-01
5.048526900223289093e-01 9.680289921123506058e-01
5.075269424895536563e-01 9.595650218592270964e-01
5.102011949567784033e-01 9.511010516061035869e-01
5.131428726707254473e-01 9.417906843276677709e-01
5.158171251379499722e-01 9.333267140745444834e-01
5.184913776051747192e-01 9.248627438214214180e-01
5.211656300723992441e-01 9.163987735682979086e-01
5.238398825396237690e-01 9.079348033151746211e-01
5.265141350068485160e-01 8.994708330620513337e-01
5.291883874740728189e-01 8.910068628089278242e-01
5.318626399412975658e-01 8.825428925558045368e-01
5.345368924085223128e-01 8.740789223026812493e-01
5.372111448757468377e-01 8.656149520495577399e-01
5.398853973429715847e-01 8.571509817964344524e-01
5.425596498101961096e-01 8.486870115433111650e-01
5.452339022774206345e-01 8.402230412901880996e-01
5.479081547446453815e-01 8.317590710370645901e-01
5.505824072118699064e-01 8.232951007839413027e-01
5.532566596790942093e-01 8.148311305308177932e-01
5.559309121463191783e-01 8.063671602776942837e-01
5.586051646135434812e-01 7.979031900245709963e-01
5.612794170807684502e-01 7.894392197714479309e-01
5.639536695479927531e-01 7.809752495183244214e-01
5.666279220152172780e-01 7.725112792652009119e-01
5.693021744824418029e-01 7.640473090120776245e-01
5.719764269496665499e-01 7.555833387589541150e-01
5.746506794168910748e-01 7.471193685058308276e-01
5.773249318841155997e-01 7.386553982527077622e-01
5.799991843513403467e-01 7.301914279995842527e-01
5.826734368185648716e-01 7.217274577464609653e-01
5.853476892857896186e-01 7.132634874933376778e-01
5.880219417530143655e-01 7.047995172402143904e-01
5.906961942202386684e-01 6.963355469870908809e-01
5.933704466874636374e-01 6.878715767339675935e-01
5.960446991546879403e-01 6.794076064808443061e-01
5.987189516219124652e-01 6.709436362277207966e-01
6.016606293358597313e-01 6.616332689492852026e-01
6.043348818030840341e-01 6.531692986961616931e-01
6.070091342703090032e-01 6.447053284430386277e-01
6.096833867375333060e-01 6.362413581899151183e-01
6.123576392047582750e-01 6.277773879367920529e-01
6.150318916719825779e-01 6.193134176836685434e-01
6.177061441392075469e-01 6.108494474305450339e-01
6.203803966064318498e-01 6.023854771774221906e-01
6.230546490736563747e-01 5.939215069242984590e-01
6.257289015408808996e-01 5.854575366711751716e-01
6.284031540081056466e-01 5.769935664180516621e-01
6.310774064753301715e-01 5.685295961649281526e-01
6.337516589425546965e-01 5.600656259118048652e-01
6.364259114097794434e-01 5.516016556586817998e-01
6.391001638770044124e-01 5.431376854055582903e-01
6.417744163442287153e-01 5.346737151524350029e-01
6.444486688114534623e-01 5.262097448993117155e-01
6.471229212786777651e-01 5.177457746461882060e-01
6.497971737459025121e-01 5.092818043930649186e-01
6.524714262131270370e-01 5.008178341399416311e-01
6.551456786803515620e-01 4.923538638868183437e-01
6.578199311475763089e-01 4.838898936336950563e-01
6.604941836148008338e-01 4.754259233805715468e-01
6.631684360820255808e-01 4.669619531274482593e-01
6.658426885492501057e-01 4.584979828743247499e-01
6.685169410164746306e-01 4.500340126212014624e-01
6.711911934836993776e-01 4.415700423680783970e-01
6.738654459509239025e-01 4.331060721149548876e-01
6.765396984181484275e-01 4.246421018618316001e-01
6.792139508853731744e-01 4.161781316087083127e-01
6.818882033525976993e-01 4.077141613555848032e-01
6.845624558198224463e-01 3.992501911024612937e-01
6.872367082870469712e-01 3.907862208493382283e-01
6.899109607542714961e-01 3.823222505962149409e-01
6.928526384682185402e-01 3.730118833177791249e-01
6.955268909354435092e-01 3.645479130646558374e-01
6.982011434026678121e-01 3.560839428115325500e-01
7.008753958698923370e-01 3.476199725584092626e-01
7.035496483371168619e-01 3.391560023052857531e-01
7.062239008043416089e-01 3.306920320521622436e-01
7.088981532715661338e-01 3.222280617990389562e-01
7.115724057387906587e-01 3.137640915459156687e-01
7.142466582060154057e-01 3.053001212927923813e-01
7.169209106732399306e-01 2.968361510396690939e-01
7.195951631404646776e-01 2.883721807865458064e-01
7.222694156076892025e-01 2.799082105334222970e-01
7.249436680749137274e-01 2.714442402802990095e-01
7.276179205421380303e-01 2.629802700271757221e-01
7.302921730093629993e-01 2.545162997740524347e-01
7.329664254765873022e-01 2.460523295209289252e-01
7.356406779438122712e-01 2.375883592678056377e-01
7.383149304110367961e-01 2.291243890146823503e-01
7.409891828782615431e-01 2.206604187615588408e-01
7.436634353454856239e-01 2.121964485084355534e-01
7.463376878127105929e-01 2.037324782553122660e-01
7.490119402799348958e-01 1.952685080021889785e-01
7.516861927471598648e-01 1.868045377490654690e-01
7.543604452143843897e-01 1.783405674959421816e-01
7.570346976816086926e-01 1.698765972428188942e-01
7.597089501488334395e-01 1.614126269896953847e-01
7.623832026160584086e-01 1.529486567365720973e-01
7.650574550832829335e-01 1.444846864834490319e-01
7.677317075505072363e-01 1.360207162303255224e-01
7.704059600177317613e-01 1.275567459772022350e-01
7.728127872382342112e-01 1.199391727493910320e-01
7.739141426420825809e-01 1.278245963282453879e-01
7.739141426420823588e-01 1.370039814200392225e-01
7.739141426420825809e-01 1.471013050210125961e-01
7.739141426420825809e-01 1.562806901128064307e-01
7.739141426420825809e-01 1.654600752046002654e-01
7.739141426420830250e-01 1.746394602963938780e-01
7.739141426420825809e-01 1.838188453881879347e-01
7.739141426420825809e-01 1.929982304799815473e-01
7.739141426420825809e-01 2.021776155717756041e-01
7.739141426420825809e-01 2.113570006635694387e-01
7.739141426420825809e-01 2.205363857553632734e-01
7.739141426420825809e-01 2.297157708471571080e-01
7.739141426420825809e-01 2.388951559389509427e-01
7.739141426420825809e-01 2.480745410307447774e-01
7.739141426420825809e-01 2.572539261225386120e-01
7.739141426420825809e-01 2.664333112143326687e-01
7.739141426420825809e-01 2.756126963061262813e-01
7.739141426420825809e-01 2.847920813979198940e-01
7.739141426420823588e-01 2.939714664897139507e-01
7.739141426420825809e-01 3.031508515815077853e-01
7.739141426420825809e-01 3.123302366733018420e-01
7.739141426420825809e-01 3.215096217650954546e-01
7.739141426420830250e-01 3.306890068568895114e-01
7.739141426420825809e-01 3.398683919486831240e-01
7.739141426420825809e-01 3.490477770404771807e-01
7.739141426420825809e-01 3.582271621322710153e-01
7.739141426420825809e-01 3.674065472240646280e-01
7.739141426420825809e-01 3.765859323158589067e-01
7.739141426420825809e-01 3.857653174076525193e-01
7.739141426420825809e-01 3.949447024994461319e-01
7.739141426420830250e-01 4.041240875912401886e-01
7.739141426420823588e-01 4.133034726830338013e-01
7.739141426420830250e-01 4.224828577748278580e-01
7.739141426420825809e-01 4.316622428666216926e-01
7.739141426420825809e-01 4.408416279584157493e-01
7.739141426420825809e-01 4.509389515593889008e-01
7.739141426420825809e-01 4.601183366511825135e-01
7.739141426420825809e-01 4.692977217429765702e-01
7.739141426420830250e-01 4.784771068347701828e-01
7.739141426420825809e-01 4.876564919265642395e-01
7.739141426420825809e-01 4.968358770183580742e-01
7.739141426420825809e-01 5.060152621101519088e-01
7.739141426420825809e-01 5.151946472019459655e-01
7.739141426420825809e-01 5.243740322937395781e-01
7.739141426420825809e-01 5.335534173855334128e-01
7.739141426420825809e-01 5.427328024773272475e-01
7.739141426420825809e-01 5.519121875691210821e-01
7.739141426420825809e-01 5.610915726609149168e-01
7.739141426420825809e-01 5.702709577527087514e-01
7.739141426420825809e-01 5.794503428445025861e-01
7.739141426420825809e-01 5.886297279362964208e-01
7.739141426420825809e-01 5.978091130280902554e-01
7.739141426420825809e-01 6.069884981198840901e-01
7.739141426420825809e-01 6.161678832116781468e-01
7.739141426420825809e-01 6.253472683034717594e-01
7.739141426420825809e-01 6.345266533952658161e-01
7.739141426420825809e-01 6.437060384870596508e-01
7.739141426420825809e-01 6.528854235788532634e-01
7.739141426420825809e-01 6.620648086706473201e-01
7.739141426420825809e-01 6.712441937624411548e-01
7.739141426420825809e-01 6.804235788542352115e-01
7.739141426420825809e-01 6.896029639460288241e-01
7.739141426420825809e-01 6.987823490378224367e-01
7.739141426420825809e-01 7.079617341296164934e-01
7.739141426420825809e-01 7.171411192214103281e-01
7.739141426420825809e-01 7.263205043132041627e-01
7.739141426420825809e-01 7.354998894049979974e-01
7.739141426420825809e-01 7.446792744967916100e-01
7.739141426420825809e-01 7.547765980977649836e-01
7.739141426420825809e-01 7.639559831895588182e-01
7.739141426420825809e-01 7.731353682813526529e-01
7.739141426420825809e-01 7.823147533731467096e-01
7.739141426420825809e-01 7.914941384649405443e-01
7.739141426420825809e-01 8.006735235567341569e-01
7.739141426420825809e-01 8.098529086485279915e-01
7.739141426420825809e-01 8.190322937403220482e-01
7.739141426420825809e-01 8.282116788321158829e-01
7.739141426420825809e-01 8.373910639239097176e-01
7.739141426420825809e-01 8.465704490157033302e-01
7.739095101922939257e-01 8.521956274257418418e-01
7.738477892140591674e-01 8.580899832882160627e-01
7.736483102537685674e-01 8.644635828990010484e-01
7.732300392043305326e-01 8.712200720437033308e-01
7.725119419586525815e-01 8.782630965079285534e-01
7.714129844096442312e-01 8.854963020772845805e-01
7.698521324502138885e-01 8.928233345373786101e-01
7.677483519732684059e-01 9.001478396738153975e-01
7.650206088717170783e-01 9.073734632722030291e-01
7.615878690384680905e-01 9.144038511181475926e-01
7.573690983664305154e-01 9.211426489972562859e-01
7.522832627485118717e-01 9.274935026951351968e-01
7.462493280776196780e-01 9.333600579973906353e-01
7.391862602466638954e-01 9.386459606896304653e-01
7.310130251485518205e-01 9.432548565574605526e-01
7.216485886761920820e-01 9.470903913864874291e-01
7.110119167224928649e-01 9.500562109623178486e-01
6.990219751803625758e-01 9.520559610705585651e-01
6.886286188006747189e-01 9.557340960275360064e-01
6.819345593488670421e-01 9.626993532020440281e-01
6.789253032650277575e-01 9.702095878096876902e-01
6.781269292019684869e-01 9.756941515809591792e-01
6.782659660992733652e-01 9.811256637795879865e-01
6.803719823978406911e-01 9.904047938257671824e-01
6.841368197477322166e-01 9.961697275364775894e-01
6.893851153966856771e-01 9.998661800486607909e-01
6.958471496539615497e-01 1.001953813850878117e+00
7.032532028288225323e-01 1.002892291431691341e+00
7.113335552305297682e-01 1.003141275279662459e+00
7.183099475823553348e-01 1.003150851581507741e+00
7.252290509430054932e-01 1.003150851581507741e+00
7.321481543036556516e-01 1.003150851581507741e+00
7.390672576643058100e-01 1.003150851581507741e+00
7.459863610249564125e-01 1.003150851581507741e+00
7.529054643856065709e-01 1.003150851581507741e+00
7.598245677462567294e-01 1.003150851581507741e+00
7.667436711069068878e-01 1.003150851581507741e+00
7.736627744675574903e-01 1.003150851581507741e+00
7.805818778282072046e-01 1.003150851581507741e+00
7.875009811888578071e-01 1.003150851581508185e+00
7.944200845495079655e-01 1.003150851581507741e+00
8.013391879101581239e-01 1.003150851581507741e+00
8.082582912708087264e-01 1.003150851581507741e+00
8.151773946314588848e-01 1.003150851581507741e+00
8.220964979921090432e-01 1.003150851581507741e+00
8.290156013527592016e-01 1.003150851581507741e+00
8.359347047134095821e-01 1.003150851581507741e+00
8.428538080740599625e-01 1.003150851581507741e+00
8.497729114347101209e-01 1.003150851581507741e+00
8.566920147953605014e-01 1.003150851581507741e+00
8.636111181560106598e-01 1.003150851581507741e+00
8.705302215166608182e-01 1.003150851581507741e+00
8.774493248773114207e-01 1.003150851581507741e+00
8.843684282379615791e-01 1.003150851581507741e+00
8.912875315986117375e-01 1.003150851581507741e+00
8.982066349592621179e-01 1.003150851581507741e+00
9.058176486559774698e-01 1.003150851581507741e+00
9.127367520166276282e-01 1.003150851581507741e+00
9.196558553772777866e-01 1.003150851581507741e+00
9.265749587379279451e-01 1.003150851581507741e+00
9.334940620985785475e-01 1.003150851581507741e+00
9.404131654592287060e-01 1.003150851581507741e+00
9.473322688198793085e-01 1.003150851581507741e+00
9.542513721805292448e-01 1.003150851581507741e+00
9.611704755411796253e-01 1.003150851581507741e+00
9.680895789018295616e-01 1.003150851581507741e+00
9.750086822624801641e-01 1.003150851581507741e+00
9.819277856231303225e-01 1.003150851581507741e+00
9.888468889837807030e-01 1.003150851581507741e+00
9.957659923444306393e-01 1.003150851581507741e+00
1.002685095705081242e+00 1.003150851581507741e+00
1.009604199065731400e+00 1.003150851581507741e+00
1.017163604928377652e+00 1.003092539010529194e+00
1.024953343659562144e+00 1.002602201479530830e+00
1.031868056865100414e+00 1.001199980122531752e+00
1.037666358193090943e+00 9.984059360837420627e-01
1.042106861291628661e+00 9.937401305073727542e-01
1.044948179808813826e+00 9.867226245376328198e-01
1.045948927392742700e+00 9.768734793187339172e-01
1.044711141588242409e+00 9.685148114355222049e-01
1.040929362470275343e+00 9.607529501216529599e-01
1.035412948591248217e+00 9.551261253041354315e-01
1.028987916504045419e+00 9.521817822384417429e-01
1.018059817203776252e+00 9.506760233681630368e-01
1.006436216000320183e+00 9.482197482200547256e-01
9.960885749340764317e-01 9.450164126270941267e-01
9.869427102761381132e-01 9.411362530413618366e-01
9.789244382975972325e-01 9.366495059149368974e-01
9.719595752695457946e-01 9.316264076999003496e-01
9.654263749960547702e-01 9.255653413615718694e-01
9.604322027264380335e-01 9.196445255119714002e-01
9.562614698476967767e-01 9.134050915752072175e-01
9.528399926309234491e-01 9.069172760033603620e-01
9.500935873472113880e-01 9.002513152485103198e-01
9.479480702676512660e-01 8.934774457627370214e-01
9.463292576633361985e-01 8.866659039981199530e-01
9.451629658053586347e-01 8.798869264067410434e-01
9.443750109648101354e-01 8.732107494406793347e-01
9.438912094127835939e-01 8.667076095520145351e-01
9.436373774203712372e-01 8.604477431928274633e-01
9.435393312586646264e-01 8.545013868151980496e-01
9.435228871987568766e-01 8.489387768712062243e-01
9.435228748348019057e-01 8.410604648754973489e-01
9.435228748348019057e-01 8.318781384272910806e-01
9.435228748348019057e-01 8.226958119790848123e-01
9.435228748348019057e-01 8.135134855308785440e-01
9.435228748348023498e-01 8.043311590826722757e-01
9.435228748348019057e-01 7.951488326344660074e-01
9.435228748348019057e-01 7.859665061862597391e-01
9.435228748348019057e-01 7.767841797380534707e-01
9.435228748348019057e-01 7.676018532898474245e-01
9.435228748348019057e-01 7.584195268416409341e-01
9.435228748348019057e-01 7.492372003934351099e-01
9.435228748348019057e-01 7.400548739452286195e-01
9.435228748348019057e-01 7.308725474970221292e-01
9.435228748348019057e-01 7.216902210488160829e-01
9.435228748348019057e-01 7.125078946006100367e-01
9.435228748348019057e-01 7.033255681524035463e-01
9.435228748348019057e-01 6.941432417041975000e-01
9.435228748348019057e-01 6.849609152559912317e-01
9.435228748348019057e-01 6.757785888077849634e-01
9.435228748348019057e-01 6.665962623595784731e-01
9.435228748348019057e-01 6.574139359113722048e-01
9.435228748348019057e-01 6.473133768183456649e-01
9.435228748348019057e-01 6.381310503701393966e-01
9.435228748348019057e-01 6.289487239219331283e-01
9.435228748348019057e-01 6.197663974737268600e-01
9.435228748348019057e-01 6.105840710255208137e-01
9.435228748348019057e-01 6.014017445773143233e-01
9.435228748348019057e-01 5.922194181291078330e-01
9.435228748348019057e-01 5.830370916809020088e-01
9.435228748348019057e-01 5.738547652326957405e-01
9.435228748348019057e-01 5.646724387844896942e-01
9.435228748348019057e-01 5.554901123362832038e-01
9.435228748348019057e-01 5.463077858880767135e-01
9.435228748348019057e-01 5.371254594398706672e-01
9.435228748348019057e-01 5.279431329916643989e-01
9.435228748348019057e-01 5.187608065434583526e-01
9.435228748348019057e-01 5.095784800952520843e-01
9.435228748348019057e-01 5.003961536470458160e-01
9.435228748348019057e-01 4.912138271988395477e-01
9.435228748348019057e-01 4.820315007506335014e-01
9.435228748348019057e-01 4.728491743024270111e-01
9.435228748348019057e-01 4.636668478542207428e-01
9.435228748348019057e-01 4.544845214060146965e-01
9.435228748348019057e-01 4.453021949578084282e-01
9.435228748348019057e-01 4.361198685096021599e-01
9.435228748348019057e-01 4.269375420613958916e-01
9.435228748348019057e-01 4.177552156131896233e-01
9.435228748348019057e-01 4.085728891649835770e-01
9.435228748348019057e-01 3.993905627167770866e-01
9.435228748348019057e-01 3.902082362685708183e-01
9.435228748348019057e-01 3.810259098203647721e-01
9.435228748348019057e-01 3.718435833721585038e-01
9.435228748348019057e-01 3.626612569239520134e-01
9.435228748348019057e-01 3.534789304757459671e-01
9.435228748348019057e-01 3.433783713827192052e-01
9.435228748348019057e-01 3.341960449345129369e-01
9.435228748348019057e-01 3.250137184863064466e-01
9.435228748348019057e-01 3.158313920381004003e-01
9.435228748348019057e-01 3.066490655898941320e-01
9.435228748348019057e-01 2.974667391416878637e-01
9.435228748348019057e-01 2.882844126934815954e-01
9.435228748348019057e-01 2.791020862452753271e-01
9.435228748348019057e-01 2.699197597970692808e-01
9.435228748348019057e-01 2.607374333488630125e-01
9.435228748348019057e-01 2.515551069006567442e-01
9.435228748348019057e-01 2.423727804524504759e-01
9.435228748348019057e-01 2.331904540042444296e-01
9.435228748348019057e-01 2.240081275560379392e-01
9.435228748348019057e-01 2.148258011078318930e-01
9.435228748348019057e-01 2.056434746596256247e-01
9.435228748348019057e-01 1.964611482114191343e-01
9.435228748348019057e-01 1.872788217632133101e-01
9.435228748348019057e-01 1.780964953150068197e-01
9.435228748348019057e-01 1.689141688668003294e-01
9.435228748348019057e-01 1.597318424185942831e-01
9.435275072845907829e-01 1.541060757372736401e-01
9.435892282628255412e-01 1.482117198747994191e-01
9.437887072231161412e-01 1.418381202640144334e-01
9.442069782725548421e-01 1.350816311193125951e-01
9.449250755182319050e-01 1.280386066550867064e-01
9.460240330672400333e-01 1.208054010857304572e-01
9.475848850266714862e-01 1.134783686256373159e-01
9.496886655036160807e-01 1.061538634892000843e-01
9.524164086051676303e-01 9.892823989081245273e-02
9.558491484384163961e-01 9.189785204486766723e-02
9.600679191104541932e-01 8.515905416575941800e-02
9.651537547283732810e-01 7.880820046788050703e-02
9.718463481273906801e-01 7.238533568441241073e-02
9.790167861502430124e-01 6.716279773496602878e-02
9.873054948509609741e-01 6.262690203136878075e-02
9.967935083366354920e-01 5.887400278801391273e-02
1.007561860714358382e+00 5.600045421929467082e-02
1.018415042296521911e+00 5.424574209245691669e-02
1.025497558254332198e+00 5.237536671572851077e-02
1.031673608859180025e+00 4.858254983829435325e-02
1.036363056285169559e+00 4.267504731008320285e-02
1.038985762706406302e+00 3.446061498102559462e-02
1.039176813174590652e+00 2.511805296005253929e-02
1.037410870855131506e+00 1.645915610351189606e-02
1.033900912143176587e+00 1.043992295381523938e-02
1.028888323390629633e+00 6.580414655172672767e-03
1.022614490949391719e+00 4.400692351794077695e-03
1.015320801171366583e+00 3.420817187889779731e-03
1.007248640408456186e+00 3.160850307670548531e-03
1.000226534487031582e+00 3.150851581508185006e-03
9.933027040980146882e-01 3.150851581508185006e-03
9.863788737089975722e-01 3.150851581508185006e-03
9.794550433199804562e-01 3.150851581508185006e-03
9.725312129309633402e-01 3.150851581508185006e-03
9.656073825419464463e-01 3.150851581508185006e-03
9.586835521529297743e-01 3.150851581508185006e-03
9.517597217639122142e-01 3.150851581508185006e-03
9.448358913748950982e-01 3.150851581508185006e-03
9.379120609858784263e-01 3.150851581508185006e-03
9.309882305968613103e-01 3.150851581508185006e-03
9.240644002078441943e-01 3.150851581508185006e-03
9.171405698188270783e-01 3.150851581508185006e-03
9.102167394298101843e-01 3.150851581508185006e-03
9.032929090407930683e-01 3.150851581508185006e-03
8.963690786517759523e-01 3.150851581508185006e-03
8.894452482627588363e-01 3.150851581508185006e-03
8.818290348348398755e-01 3.150851581508185006e-03
8.749052044458229815e-01 3.150851581508185006e-03
8.679813740568058655e-01 3.150851581508185006e-03
8.610575436677891936e-01 3.150851581508185006e-03
8.541337132787720776e-01 3.150851581508185006e-03
8.472098828897547396e-01 3.150851581508185006e-03
8.402860525007376236e-01 3.150851581508185006e-03
8.333622221117205076e-01 3.150851581508185006e-03
8.264383917227038356e-01 3.150851581508185006e-03
8.195145613336862755e-01 3.150851581508185006e-03
8.125907309446696036e-01 3.150851581508185006e-03
8.056669005556524876e-01 3.150851581508185006e-03
7.987430701666355937e-01 3.150851581508185006e-03
7.918192397776184777e-01 3.150851581508185006e-03
7.830796177443268835e-01 3.175776804541285969e-03
7.746390387788468779e-01 3.507870884022379343e-03
7.681924515347529070e-01 4.581181508515053125e-03
7.632542806517703671e-01 6.831718410380549500e-03
7.593389507696246543e-01 1.069549132197855634e-02
7.559608865280404988e-01 1.660850997566853948e-02
7.526345125667437408e-01 2.500678410381107497e-02
7.494170727654148045e-01 3.465424019539242728e-02
7.467445628454751905e-01 4.311878326854379218e-02
7.440720529255353544e-01 5.158332634169471298e-02
7.413995430055952962e-01 6.004786941484585583e-02
7.387270330856559042e-01 6.851241248799722072e-02
7.360545231657160681e-01 7.697695556114814153e-02
7.333820132457764540e-01 8.544149863429928438e-02
7.307095033258366179e-01 9.390604170745064927e-02
7.280369934058972259e-01 1.023705847806017921e-01
7.253644834859573898e-01 1.108351278537529350e-01
7.226919735660175537e-01 1.192996709269038558e-01
7.200194636460781616e-01 1.277642140000554427e-01
7.170797027341444529e-01 1.370752113805215888e-01
7.144071928142050609e-01 1.455397544536729537e-01
7.117346828942652248e-01 1.540042975268238745e-01
7.090621729743253887e-01 1.624688405999752394e-01
7.063896630543857746e-01 1.709333836731261602e-01
7.037171531344463826e-01 1.793979267462775251e-01
7.010446432145065465e-01 1.878624698194284459e-01
6.983721332945667104e-01 1.963270128925798108e-01
6.956996233746273184e-01 2.047915559657311757e-01
6.930271134546874823e-01 2.132560990388823186e-01
6.903546035347478682e-01 2.217206421120334614e-01
6.876820936148082541e-01 2.301851851851846043e-01
6.850095836948686401e-01 2.386497282583357471e-01
6.823370737749285819e-01 2.471142713314868899e-01
6.796645638549889679e-01 2.555788144046380328e-01
6.769920539350495758e-01 2.640433574777891756e-01
6.743195440151097397e-01 2.725079005509403185e-01
6.716470340951703477e-01 2.809724436240914613e-01
6.689745241752305116e-01 2.894369866972426042e-01
6.663020142552906755e-01 2.979015297703939691e-01
6.636295043353508394e-01 3.063660728435451119e-01
6.609569944154112253e-01 3.148306159166962548e-01
6.582844844954718333e-01 3.232951589898473976e-01
6.556119745755319972e-01 3.317597020629985405e-01
6.529394646555921611e-01 3.402242451361499054e-01
6.502669547356527691e-01 3.486887882093008262e-01
6.475944448157131550e-01 3.571533312824521911e-01
6.449219348957730968e-01 3.656178743556033339e-01
6.422494249758337048e-01 3.740824174287544768e-01
6.395769150558940908e-01 3.825469605019053976e-01
6.369044051359542546e-01 3.910115035750567625e-01
6.342318952160144185e-01 3.994760466482081274e-01
6.315593852960750265e-01 4.079405897213592702e-01
6.286196243841413178e-01 4.172515871018256384e-01
6.259471144642019258e-01 4.257161301749765592e-01
6.232746045442620897e-01 4.341806732481277020e-01
6.206020946243222536e-01 4.426452163212788449e-01
6.179295847043828616e-01 4.511097593944299877e-01
6.152570747844430255e-01 4.595743024675813526e-01
6.125845648645031893e-01 4.680388455407324955e-01
6.099120549445635753e-01 4.765033886138838604e-01
6.072395450246237392e-01 4.849679316870350032e-01
6.045670351046839031e-01 4.934324747601861461e-01
6.018945251847445110e-01 5.018970178333372889e-01
5.992220152648051190e-01 5.103615609064884318e-01
5.965495053448652829e-01 5.188261039796397966e-01
5.938769954249254468e-01 5.272906470527907175e-01
5.912044855049858327e-01 5.357551901259418603e-01
5.885319755850459966e-01 5.442197331990930032e-01
5.858594656651063826e-01 5.526842762722441460e-01
5.831869557451667685e-01 5.611488193453952888e-01
5.805144458252273765e-01 5.696133624185466537e-01
5.778419359052875404e-01 5.780779054916977966e-01
5.751694259853477043e-01 5.865424485648489394e-01
5.724969160654080902e-01 5.950069916380003043e-01
5.698244061454684761e-01 6.034715347111514472e-01
5.671518962255288621e-01 6.119360777843025900e-01
5.644793863055890260e-01 6.204006208574537329e-01
5.618068763856491898e-01 6.288651639306048757e-01
5.591343664657097978e-01 6.373297070037560186e-01
5.564618565457701838e-01 6.457942500769069394e-01
5.537893466258305697e-01 6.542587931500583043e-01
5.511168367058907336e-01 6.627233362232096692e-01
5.484443267859511195e-01 6.711878792963608120e-01
5.457718168660112834e-01 6.796524223695119549e-01
5.430993069460714473e-01 6.881169654426630977e-01
5.404267970261320553e-01 6.965815085158142406e-01