5.073861349106669749e-01 7.228588807785878423e-01
5.083778859789103155e-01 7.256432925457911853e-01
5.094066335179181504e-01 7.285015411620459069e-01
5.103675384062420495e-01 7.311247338807778107e-01
5.112701261330589997e-01 7.335261982521301682e-01
5.121239221875442116e-01 7.357192618262462513e-01
5.129384520588733398e-01 7.377172521532697758e-01
5.137232412362209288e-01 7.395334967833426809e-01
5.144878152087632994e-01 7.411813232666086826e-01
5.152416994656752181e-01 7.426740591532099423e-01
5.159944194961321173e-01 7.440250319932895096e-01
5.167555007893096519e-01 7.452475693369915444e-01
5.175344688343836985e-01 7.463549987344584302e-01
5.183408491205290236e-01 7.473606477358329947e-01
5.191841671369212818e-01 7.482778438912589536e-01
5.200739483727359058e-01 7.491199147508780243e-01
5.210197183171483282e-01 7.499001878648341446e-01
5.220310024593337594e-01 7.506319907832703642e-01
5.231173262884680764e-01 7.513286510563295106e-01
5.242882152937258233e-01 7.520034962341537454e-01
5.255531949642837652e-01 7.526698538668876726e-01
5.269217907893160024e-01 7.533410515046734535e-01
5.284035282579988557e-01 7.540304166976543598e-01
5.300079328595070915e-01 7.547512769959727752e-01
5.301663854254852204e-01 7.560876058102763420e-01
5.295860304821398135e-01 7.579408336611441754e-01
5.290056755387941845e-01 7.597940615120115648e-01
5.284253205954487775e-01 7.616472893628791763e-01
5.278449656521033706e-01 7.635005172137467877e-01
5.272646107087577416e-01 7.653537450646146212e-01
5.266842557654125567e-01 7.672069729154820106e-01
5.261039008220669277e-01 7.690602007663496220e-01
5.255235458787212988e-01 7.709134286172170114e-01
5.249431909353756698e-01 7.727666564680846228e-01
5.243628359920302628e-01 7.746198843189522343e-01
5.237824810486848559e-01 7.764731121698200678e-01
5.232021261053392269e-01 7.783263400206876792e-01
5.226217711619938200e-01 7.801795678715552906e-01
5.220414162186484131e-01 7.820327957224229021e-01
5.214610612753025620e-01 7.838860235732905135e-01
5.208807063319573771e-01 7.857392514241579029e-01
5.203003513886121922e-01 7.875924792750257364e-01
5.197199964452665633e-01 7.894457071258931258e-01
5.191396415019209343e-01 7.912989349767609593e-01
5.185592865585757494e-01 7.931521628276285707e-01
5.179789316152301204e-01 7.950053906784964042e-01
5.173985766718844914e-01 7.968586185293635715e-01
5.168182217285393065e-01 7.987118463802314050e-01
5.162378667851934555e-01 8.005650742310990164e-01
5.156575118418480486e-01 8.024183020819668499e-01
5.150771568985024196e-01 8.042715299328342393e-01
5.144968019551570126e-01 8.061247577837018508e-01
5.139164470118116057e-01 8.079779856345694622e-01
5.133360920684657547e-01 8.098312134854370736e-01
5.127557371251205698e-01 8.116844413363044630e-01
5.121753821817749408e-01 8.135376691871722965e-01
5.115950272384293118e-01 8.153908970380396859e-01
5.110146722950841269e-01 8.172441248889072973e-01
5.104343173517384979e-01 8.190973527397749088e-01
5.098539624083933131e-01 8.209505805906427423e-01
5.092736074650476841e-01 8.228038084415099096e-01
5.086932525217020551e-01 8.246570362923777431e-01
5.081128975783566482e-01 8.265102641432453545e-01
5.075325426350112412e-01 8.283634919941131880e-01
5.069521876916658343e-01 8.302167198449805774e-01
5.063718327483202053e-01 8.320699476958481888e-01
5.057914778049747984e-01 8.339231755467158003e-01
5.052111228616289473e-01 8.357764033975836337e-01
5.046307679182837624e-01 8.376296312484510231e-01
5.040504129749381335e-01 8.394828590993188566e-01
5.034700580315925045e-01 8.413360869501862460e-01
5.028897030882473196e-01 8.431893148010540795e-01
5.022513126505669945e-01 8.452278654370082300e-01
5.016709577072218096e-01 8.470810932878760635e-01
5.010906027638761806e-01 8.489343211387434529e-01
5.005102478205307737e-01 8.507875489896112864e-01
4.999298928771851447e-01 8.526407768404786758e-01
4.993495379338397377e-01 8.544940046913465093e-01
4.987691829904943308e-01 8.563472325422138987e-01
4.981888280471487018e-01 8.582004603930815101e-01
4.976084731038035169e-01 8.600536882439491215e-01
4.970281181604574439e-01 8.619069160948169550e-01
4.964477632171122590e-01 8.637601439456845664e-01
4.958674082737666300e-01 8.656133717965519558e-01
4.952870533304212231e-01 8.674665996474195673e-01
4.947066983870758161e-01 8.693198274982874008e-01
4.941263434437301871e-01 8.711730553491550122e-01
4.935459885003847802e-01 8.730262832000224016e-01
4.929656335570393733e-01 8.748795110508900130e-01
4.923852786136939663e-01 8.767327389017576245e-01
4.918049236703483373e-01 8.785859667526252359e-01
4.912245687270027084e-01 8.804391946034928473e-01
4.906442137836575235e-01 8.822924224543604588e-01
4.900638588403118945e-01 8.841456503052280702e-01
4.894835038969662655e-01 8.859988781560956816e-01
4.889031489536206365e-01 8.878521060069630710e-01
4.883227940102754516e-01 8.897053338578309045e-01
4.877424390669298226e-01 8.915585617086982939e-01
4.871620841235844157e-01 8.934117895595661274e-01
4.865817291802387867e-01 8.952650174104335168e-01
4.860013742368933798e-01 8.971182452613013503e-01
4.854210192935479729e-01 8.989714731121689617e-01
4.848406643502023439e-01 9.008247009630365731e-01
4.842603094068567149e-01 9.026779288139041846e-01
4.836799544635115300e-01 9.045311566647717960e-01
4.830995995201659010e-01 9.063843845156394075e-01
4.825192445768207161e-01 9.082376123665070189e-01
4.818976241358798873e-01 9.097201946472011080e-01
4.803242592732390737e-01 9.097201946472011080e-01
4.795015388757906116e-01 9.086110318204667635e-01
4.789170206446982103e-01 9.067624271092433741e-01
4.783325024136051429e-01 9.049138223980199847e-01
4.777479841825122975e-01 9.030652176867965952e-01
4.771634659514190080e-01 9.012166129755732058e-01
4.765789477203261626e-01 8.993680082643495943e-01
4.759944294892330952e-01 8.975194035531259829e-01
4.754099112581402498e-01 8.956707988419025934e-01
4.748253930270474044e-01 8.938221941306792040e-01
4.742408747959543369e-01 8.919735894194558146e-01
4.736563565648614915e-01 8.901249847082324251e-01
4.730718383337686461e-01 8.882763799970090357e-01
4.724873201026753566e-01 8.864277752857849801e-01
4.719028018715825112e-01 8.845791705745615907e-01
4.713182836404894438e-01 8.827305658633382013e-01
4.707337654093965984e-01 8.808819611521148119e-01
4.701492471783037530e-01 8.790333564408914224e-01
4.695647289472106856e-01 8.771847517296680330e-01
4.689802107161178402e-01 8.753361470184441995e-01
4.683956924850247727e-01 8.734875423072208100e-01
4.678111742539317053e-01 8.716389375959974206e-01
4.672266560228388599e-01 8.697903328847740312e-01
4.666421377917460145e-01 8.679417281735506418e-01
4.660576195606529470e-01 8.660931234623270303e-01
4.654731013295601016e-01 8.642445187511034188e-01
4.648885830984670342e-01 8.623959140398798073e-01
4.643040648673741888e-01 8.605473093286564179e-01
4.637195466362811214e-01 8.586987046174330285e-01
4.631350284051882760e-01 8.568500999062098611e-01
4.625505101740952085e-01 8.550014951949862496e-01
4.619659919430023631e-01 8.531528904837628602e-01
4.613814737119092957e-01 8.513042857725390267e-01
4.607969554808164503e-01 8.494556810613156372e-01
4.602124372497236049e-01 8.476070763500922478e-01
4.595694671955212751e-01 8.455736111677465416e-01
4.589849489644284297e-01 8.437250064565229302e-01
4.584004307333353623e-01 8.418764017452995407e-01
4.578159125022422948e-01 8.400277970340759293e-01
4.572313942711494494e-01 8.381791923228525398e-01
4.566468760400563820e-01 8.363305876116289284e-01
4.560623578089635366e-01 8.344819829004053169e-01
4.554778395778704692e-01 8.326333781891821495e-01
4.548933213467776238e-01 8.307847734779587601e-01
4.543088031156847784e-01 8.289361687667353706e-01
4.537242848845917109e-01 8.270875640555117592e-01
4.531397666534988655e-01 8.252389593442883697e-01
4.525552484224057981e-01 8.233903546330645362e-01
4.519707301913127306e-01 8.215417499218411468e-01
4.513862119602198852e-01 8.196931452106177574e-01
4.508016937291270398e-01 8.178445404993943679e-01
4.502171754980341944e-01 8.159959357881709785e-01
4.496326572669409050e-01 8.141473310769471450e-01
4.490481390358480596e-01 8.122987263657237555e-01
4.484636208047552142e-01 8.104501216545003661e-01
4.478791025736623688e-01 8.086015169432769767e-01
4.472945843425695234e-01 8.067529122320535873e-01
4.467100661114762339e-01 8.049043075208299758e-01
4.461255478803833885e-01 8.030557028096065864e-01
4.455410296492903210e-01 8.012070980983827528e-01
4.449565114181974756e-01 7.993584933871593634e-01
4.443719931871044082e-01 7.975098886759359740e-01
4.437874749560115628e-01 7.956612839647125845e-01
4.432029567249187174e-01 7.938126792534891951e-01
4.426184384938256500e-01 7.919640745422655836e-01
4.420339202627328046e-01 7.901154698310421942e-01
4.414494020316397371e-01 7.882668651198185827e-01
4.408648838005466697e-01 7.864182604085951933e-01
4.402803655694538243e-01 7.845696556973718039e-01
4.396958473383609789e-01 7.827210509861481924e-01
4.391113291072681335e-01 7.808724462749248030e-01
4.385268108761748440e-01 7.790238415637011915e-01
4.379422926450817766e-01 7.771752368524775800e-01
4.373577744139889312e-01 7.753266321412541906e-01
4.367732561828960858e-01 7.734780274300308012e-01
4.361887379518032404e-01 7.716294227188074117e-01
4.356042197207103950e-01 7.697808180075840223e-01
4.350197014896173275e-01 7.679322132963606329e-01
4.344351832585242601e-01 7.660836085851367994e-01
4.338506650274311927e-01 7.642350038739134099e-01
4.332661467963383473e-01 7.623863991626897985e-01
4.326816285652455019e-01 7.605377944514664090e-01
4.320971103341524344e-01 7.586891897402430196e-01
4.315125921030595890e-01 7.568405850290196302e-01
4.309280738719667436e-01 7.549919803177960187e-01
4.303435556408736762e-01 7.531433756065724072e-01
4.297590374097808308e-01 7.512947708953492398e-01
4.291745191786875413e-01 7.494461661841256284e-01
4.285900009475946959e-01 7.475975614729022389e-01
4.280054827165018505e-01 7.457489567616788495e-01
4.274209644854090051e-01 7.439003520504554601e-01
4.268364462543159377e-01 7.420517473392318486e-01
4.262519280232228702e-01 7.402031426280080151e-01
4.256674097921300248e-01 7.383545379167846257e-01
4.250828915610371794e-01 7.365059332055612362e-01
4.244983733299441120e-01 7.346573284943378468e-01
4.239138550988512666e-01 7.328087237831144574e-01
4.233293368677581991e-01 7.309601190718908459e-01
4.227448186366653538e-01 7.291115143606674565e-01
4.221603004055722863e-01 7.272629096494438450e-01
4.215757821744792189e-01 7.254143049382204556e-01
4.209912639433865955e-01 7.235657002269970661e-01
4.204067457122935281e-01 7.217170955157734547e-01
4.198222274812004606e-01 7.198684908045500652e-01
4.192377092501076152e-01 7.180198860933264537e-01
4.186531910190145478e-01 7.161712813821030643e-01
4.180686727879217024e-01 7.143226766708794528e-01
4.174257027337195947e-01 7.122892114885337467e-01
4.168411845026265272e-01 7.104406067773103572e-01
4.162566662715334598e-01 7.085920020660869678e-01
4.156721480404403923e-01 7.067433973548633563e-01
4.150876298093475469e-01 7.048947926436401890e-01
4.145031115782547015e-01 7.030461879324163554e-01
4.139185933471618561e-01 7.011975832211929660e-01
4.133340751160687887e-01 6.993489785099693545e-01
4.127495568849757213e-01 6.975003737987459651e-01
4.121650386538828759e-01 6.956517690875225757e-01
4.115805204227898084e-01 6.938031643762989642e-01
4.109960021916969630e-01 6.919545596650755748e-01
4.104114839606038956e-01 6.901059549538519633e-01
4.098269657295110502e-01 6.882573502426285739e-01
4.092424474984182048e-01 6.864087455314051844e-01
4.086579292673249153e-01 6.845601408201815730e-01
4.080734110362325140e-01 6.827115361089584056e-01
4.074888928051392245e-01 6.808629313977345721e-01
4.069043745740461571e-01 6.790143266865114047e-01
4.063198563429533117e-01 6.771657219752875712e-01
4.057353381118604663e-01 6.753171172640641817e-01
4.051508198807673988e-01 6.734685125528407923e-01
4.045663016496743314e-01 6.716199078416171808e-01
4.039817834185817080e-01 6.697713031303940134e-01
4.033972651874884185e-01 6.679226984191701799e-01
4.028127469563955732e-01 6.660740937079470125e-01
4.022282287253025057e-01 6.642254889967234011e-01
4.016437104942096603e-01 6.623768842855000116e-01
4.010591922631168149e-01 6.605282795742766222e-01
4.004746740320237475e-01 6.586796748630530107e-01
3.998901558009309021e-01 6.568310701518296213e-01
3.993056375698376126e-01 6.549824654406057878e-01
3.987211193387447672e-01 6.531338607293823983e-01
3.981366011076519218e-01 6.512852560181590089e-01
3.975520828765590764e-01 6.494366513069356195e-01
3.969675646454660090e-01 6.475880465957120080e-01
3.963830464143729415e-01 6.457394418844886186e-01
3.957985281832800961e-01 6.438908371732652292e-01
3.952140099521872507e-01 6.420422324620416177e-01
3.946294917210941833e-01 6.401936277508182283e-01
3.940449734900013379e-01 6.383450230395948388e-01
3.934604552589082704e-01 6.364964183283712273e-01
3.928759370278154250e-01 6.346478136171478379e-01
3.922914187967223576e-01 6.327992089059240044e-01
3.917069005656297342e-01 6.309506041947008370e-01
3.911223823345366668e-01 6.291019994834772255e-01
3.905378641034433773e-01 6.272533947722538361e-01
3.899533458723505319e-01 6.254047900610304467e-01
3.893688276412576865e-01 6.235561853498070572e-01
3.887843094101648411e-01 6.217075806385834458e-01
3.881997911790717737e-01 6.198589759273598343e-01
3.876152729479789283e-01 6.180103712161366669e-01
3.870307547168858608e-01 6.161617665049128334e-01
3.864462364857930154e-01 6.143131617936894440e-01
3.858617182547001700e-01 6.124645570824660545e-01
3.852772000236071026e-01 6.106159523712424431e-01
3.846926817925140352e-01 6.087673476600190536e-01
3.841081635614209677e-01 6.069187429487956642e-01
3.835236453303283444e-01 6.050701382375722748e-01
3.829391270992352769e-01 6.032215335263486633e-01
3.823546088681422095e-01 6.013729288151252739e-01
3.817700906370493641e-01 5.995243241039016624e-01
3.811855724059565187e-01 5.976757193926782730e-01
3.806010541748634513e-01 5.958271146814548835e-01
3.800165359437703838e-01 5.939785099702310500e-01
3.794320177126777605e-01 5.921299052590078826e-01
3.788474994815844710e-01 5.902813005477842712e-01
3.782629812504914035e-01 5.884326958365608817e-01
3.776784630193985581e-01 5.865840911253372703e-01
3.770939447883057127e-01 5.847354864141138808e-01
3.765094265572128673e-01 5.828868817028904914e-01
3.758664565030105376e-01 5.808534165205445632e-01
3.752819382719174701e-01 5.790048118093211738e-01
3.746974200408246247e-01 5.771562070980977843e-01
3.741129018097317793e-01 5.753076023868743949e-01
3.735283835786387119e-01 5.734589976756507834e-01
3.729438653475458665e-01 5.716103929644271719e-01
3.723593471164527990e-01 5.697617882532035605e-01
3.717748288853597316e-01 5.679131835419801710e-01
3.711903106542668862e-01 5.660645788307567816e-01
3.706057924231738188e-01 5.642159741195333922e-01
3.700212741920811954e-01 5.623673694083100028e-01
3.694367559609881280e-01 5.605187646970863913e-01
3.688522377298950605e-01 5.586701599858630019e-01
3.682677194988022151e-01 5.568215552746393904e-01
3.676832012677093697e-01 5.549729505634157789e-01
3.670986830366163023e-01 5.531243458521923895e-01
3.665141648055234569e-01 5.512757411409690000e-01
3.659296465744303894e-01 5.494271364297456106e-01
3.653451283433373220e-01 5.475785317185217771e-01
3.647606101122444766e-01 5.457299270072983877e-01
3.641760918811514092e-01 5.438813222960749982e-01
3.635915736500585638e-01 5.420327175848516088e-01
3.630070554189654963e-01 5.401841128736282194e-01
3.624225371878726509e-01 5.383355081624048299e-01
3.618380189567798055e-01 5.364869034511812185e-01
3.612535007256867381e-01 5.346382987399573850e-01
3.606689824945938927e-01 5.327896940287344396e-01
3.600844642635006032e-01 5.309410893175106061e-01
3.594999460324077578e-01 5.290924846062872167e-01
3.589154278013146904e-01 5.272438798950638272e-01
3.583309095702218450e-01 5.253952751838402158e-01
3.577463913391292216e-01 5.235466704726166043e-01
3.571618731080359321e-01 5.216980657613932149e-01
3.565773548769430867e-01 5.198494610501700475e-01
3.559928366458502413e-01 5.180008563389464360e-01
3.554083184147571739e-01 5.161522516277228245e-01
3.548238001836643285e-01 5.143036469164994351e-01
3.542392819525712611e-01 5.124550422052760457e-01
3.536547637214784157e-01 5.106064374940524342e-01
3.530702454903853482e-01 5.087578327828288227e-01
3.524857272592925028e-01 5.069092280716054333e-01
3.519012090281994354e-01 5.050606233603820439e-01
3.513166907971065900e-01 5.032120186491584324e-01
3.507321725660135225e-01 5.013634139379350430e-01
3.501476543349206771e-01 4.995148092267116535e-01
3.495631361038278317e-01 4.976662045154882641e-01
3.489786178727347643e-01 4.958175998042646526e-01
3.483940996416419189e-01 4.939689950930412632e-01
3.478095814105488515e-01 4.921203903818176517e-01
3.472250631794557840e-01 4.902717856705942623e-01
3.466405449483629386e-01 4.884231809593708729e-01
3.460560267172698712e-01 4.865745762481472614e-01
3.454715084861770258e-01 4.847259715369236499e-01
3.448869902550839583e-01 4.828773668257002605e-01
3.443024720239911129e-01 4.810287621144768710e-01
3.437179537928982676e-01 4.791801574032534816e-01
3.431334355618052001e-01 4.773315526920298701e-01
3.425489173307123547e-01 4.754829479808064807e-01
3.419643990996192873e-01 4.736343432695830913e-01
3.413798808685264419e-01 4.717857385583594798e-01
3.407953626374333744e-01 4.699371338471358683e-01
3.402108444063403070e-01 4.680885291359124789e-01
3.396263261752474616e-01 4.662399244246890895e-01
3.390418079441543941e-01 4.643913197134654780e-01
3.384572897130615488e-01 4.625427150022418665e-01
3.378727714819687034e-01 4.606941102910186991e-01
3.372882532508756359e-01 4.588455055797953097e-01
3.367037350197827905e-01 4.569969008685716982e-01
3.361192167886897231e-01 4.551482961573480868e-01
3.355346985575968777e-01 4.532996914461246973e-01
3.349501803265038102e-01 4.514510867349013079e-01
3.343072102723017025e-01 4.494176215525556017e-01
3.337226920412086351e-01 4.475690168413317682e-01
3.331381738101155676e-01 4.457204121301083788e-01
3.325536555790227222e-01 4.438718074188849894e-01
3.319691373479298768e-01 4.420232027076615999e-01
3.313846191168368094e-01 4.401745979964379885e-01
3.308001008857439640e-01 4.383259932852143770e-01
3.302155826546511186e-01 4.364773885739909876e-01
3.296310644235580511e-01 4.346287838627678202e-01
3.290465461924649837e-01 4.327801791515442087e-01
3.284620279613721383e-01 4.309315744403208193e-01
3.278775097302790709e-01 4.290829697290972078e-01
3.272929914991860034e-01 4.272343650178738184e-01
3.267084732680931580e-01 4.253857603066502069e-01
3.261239550370003126e-01 4.235371555954265954e-01
3.255394368059072452e-01 4.216885508842032060e-01
3.249549185748143998e-01 4.198399461729798166e-01
3.243704003437215544e-01 4.179913414617562051e-01
3.237858821126284870e-01 4.161427367505325936e-01
3.232013638815354195e-01 4.142941320393094262e-01
3.226168456504425741e-01 4.124455273280860368e-01
3.220323274193495067e-01 4.105969226168624253e-01
3.214478091882566613e-01 4.087483179056390359e-01
3.208632909571635938e-01 4.068997131944154244e-01
3.202787727260707484e-01 4.050511084831920350e-01
3.196942544949779030e-01 4.032025037719686456e-01
3.191097362638848356e-01 4.013538990607448120e-01
3.185252180327919902e-01 3.995052943495214226e-01
3.179406998016989228e-01 3.976566896382980332e-01
3.173561815706058553e-01 3.958080849270744217e-01
3.167716633395130099e-01 3.939594802158510323e-01
3.161871451084199425e-01 3.921108755046276428e-01
3.156026268773270971e-01 3.902622707934042534e-01
3.150181086462340296e-01 3.884136660821808640e-01
3.144335904151411842e-01 3.865650613709570305e-01
3.138490721840483388e-01 3.847164566597336410e-01
3.132645539529552714e-01 3.828678519485102516e-01
3.126800357218624260e-01 3.810192472372868622e-01
3.120955174907695806e-01 3.791706425260632507e-01
3.115109992596765132e-01 3.773220378148396392e-01
3.109264810285836678e-01 3.754734331036164718e-01
3.103419627974903783e-01 3.736248283923930824e-01
3.097574445663975329e-01 3.717762236811692489e-01
3.091729263353049095e-01 3.699276189699458595e-01
3.085884081042118421e-01 3.680790142587224700e-01
3.080038898731187746e-01 3.662304095474990806e-01
3.074193716420257072e-01 3.643818048362754691e-01
3.068348534109328618e-01 3.625332001250518577e-01
3.062503351798400164e-01 3.606845954138284682e-01
3.056658169487469490e-01 3.588359907026050788e-01
3.050812987176541036e-01 3.569873859913814673e-01
3.044967804865612582e-01 3.551387812801580779e-01
3.039122622554681907e-01 3.532901765689346885e-01
3.033277440243753453e-01 3.514415718577112990e-01
3.027432257932822779e-01 3.495929671464876876e-01
3.021587075621894325e-01 3.477443624352640761e-01
3.015741893310963651e-01 3.458957577240406867e-01
3.009896711000032976e-01 3.440471530128172972e-01
3.004051528689104522e-01 3.421985483015936857e-01
2.998206346378173848e-01 3.403499435903702963e-01
2.992361164067245394e-01 3.385013388791466848e-01
2.986515981756316940e-01 3.366527341679232954e-01
2.980670799445386265e-01 3.348041294566999060e-01
2.974825617134457811e-01 3.329555247454765166e-01
2.968980434823527137e-01 3.311069200342529051e-01
2.963135252512598683e-01 3.292583153230295157e-01
2.957290070201668009e-01 3.274097106118061262e-01
2.951444887890737334e-01 3.255611059005825147e-01
2.945599705579808880e-01 3.237125011893589033e-01
2.939754523268880426e-01 3.218638964781355138e-01
2.933909340957949752e-01 3.200152917669119024e-01
2.928064158647021298e-01 3.181666870556885129e-01
2.921634458104998000e-01 3.161332218733428068e-01
2.915789275794069546e-01 3.142846171621191953e-01
2.909944093483141092e-01 3.124360124508958059e-01
2.904098911172210418e-01 3.105874077396721944e-01
2.898253728861279743e-01 3.087388030284490270e-01
2.892408546550351289e-01 3.068901983172254155e-01
2.886563364239420615e-01 3.050415936060020261e-01
2.880718181928489940e-01 3.031929888947784146e-01
2.874872999617561486e-01 3.013443841835548032e-01
2.869027817306633033e-01 2.994957794723314137e-01
2.863182634995702358e-01 2.976471747611080243e-01
2.857337452684773904e-01 2.957985700498846349e-01
2.851492270373845450e-01 2.939499653386610234e-01
2.845647088062914776e-01 2.921013606274376340e-01
2.839801905751984101e-01 2.902527559162140225e-01
2.833956723441055647e-01 2.884041512049908551e-01
2.828111541130124973e-01 2.865555464937672436e-01
2.822266358819196519e-01 2.847069417825436322e-01
2.816421176508265845e-01 2.828583370713202427e-01
2.810575994197337391e-01 2.810097323600968533e-01
2.804730811886408937e-01 2.791611276488732418e-01
2.798885629575478262e-01 2.773125229376496304e-01
2.793040447264549808e-01 2.754639182264262409e-01
2.787195264953619134e-01 2.736153135152028515e-01
2.781350082642688459e-01 2.717667088039792400e-01
2.775504900331760005e-01 2.699181040927558506e-01
2.769659718020829331e-01 2.680694993815324612e-01
2.763814535709900877e-01 2.662208946703090717e-01
2.757969353398970203e-01 2.643722899590854603e-01
2.752124171088041749e-01 2.625236852478620708e-01
2.746278988777113295e-01 2.606750805366384593e-01
2.740433806466182620e-01 2.588264758254150699e-01
2.734588624155254166e-01 2.569778711141914584e-01
2.728743441844323492e-01 2.551292664029678470e-01
2.722898259533395038e-01 2.532806616917444575e-01
2.717053077222464363e-01 2.514320569805210681e-01
2.711207894911533689e-01 2.495834522692976787e-01
2.705362712600605235e-01 2.477348475580742893e-01
2.699517530289674561e-01 2.458862428468506778e-01
2.693672347978746107e-01 2.440376381356272883e-01
2.687827165667817653e-01 2.421890334244038989e-01
2.681981983356886978e-01 2.403404287131802874e-01
2.676136801045956304e-01 2.384918240019566760e-01
2.670291618735027850e-01 2.366432192907332865e-01
2.664446436424099396e-01 2.347946145795096751e-01
2.658601254113168721e-01 2.329460098682860636e-01
2.652756071802238047e-01 2.310974051570626742e-01
2.646910889491309593e-01 2.292488004458395068e-01
2.641065707180381139e-01 2.274001957346158953e-01
2.635220524869450465e-01 2.255515910233925059e-01
2.629375342558522011e-01 2.237029863121688944e-01
2.623530160247593557e-01 2.218543816009455050e-01
2.617684977936660662e-01 2.200057768897221155e-01
2.611839795625732208e-01 2.181571721784985041e-01
2.605994613314803754e-01 2.163085674672751146e-01
2.600149431003873080e-01 2.144599627560515032e-01
2.594304248692942405e-01 2.126113580448278917e-01
2.588459066382013951e-01 2.107627533336045023e-01
2.582613884071085497e-01 2.089141486223811128e-01
2.576768701760154823e-01 2.070655439111577234e-01
2.570923519449226369e-01 2.052169391999343340e-01
2.565078337138297915e-01 2.033683344887109445e-01
2.559233154827367240e-01 2.015197297774871110e-01
2.553387972516436566e-01 1.996711250662637216e-01
2.547542790205508112e-01 1.978225203550401101e-01
2.541697607894579658e-01 1.959739156438167207e-01
2.535852425583651204e-01 1.941253109325933313e-01
2.530007243272720530e-01 1.922767062213699418e-01
2.524162060961792076e-01 1.904281015101463304e-01
2.518316878650859181e-01 1.885794967989229409e-01
2.512471696339932947e-01 1.867308920876993295e-01
2.506041995797909649e-01 1.846974269053534012e-01
2.500196813486978975e-01 1.828488221941302339e-01
2.494351631176050521e-01 1.810002174829066224e-01
2.488506448865119847e-01 1.791516127716832329e-01
2.482661266554189172e-01 1.773030080604598435e-01
2.476816084243260718e-01 1.754544033492362320e-01
2.470970901932332264e-01 1.736057986380126206e-01
2.465125719621401590e-01 1.717571939267892311e-01
2.459280537310473136e-01 1.699085892155658417e-01
2.453435354999542461e-01 1.680599845043422302e-01
2.447590172688614008e-01 1.662113797931188408e-01
2.441744990377683333e-01 1.643627750818952293e-01
2.435899808066754879e-01 1.625141703706718399e-01
2.430054625755826425e-01 1.606655656594484505e-01
2.424209443444895751e-01 1.588169609482250610e-01
2.418364261133967297e-01 1.569683562370014496e-01
2.412519078823036622e-01 1.551197515257780601e-01
2.406673896512108168e-01 1.532711468145544487e-01
2.400828714201177494e-01 1.514225421033310592e-01
2.394983531890249040e-01 1.495739373921074478e-01
2.389138349579320586e-01 1.477253326808840583e-01
2.383293167268389912e-01 1.458767279696604469e-01
2.377447984957459237e-01 1.440281232584370574e-01
2.371602802646530783e-01 1.421795185472136680e-01
2.365757620335600109e-01 1.403309138359902786e-01
2.359912438024671655e-01 1.384823091247666671e-01
2.354067255713743201e-01 1.366337044135432777e-01
2.348222073402812526e-01 1.347850997023196662e-01
2.342376891091881852e-01 1.329364949910962768e-01
2.336531708780953398e-01 1.310878902798726653e-01
2.330686526470024944e-01 1.292392855686492759e-01
2.324841344159094270e-01 1.273906808574256644e-01
2.318996161848163595e-01 1.255420761462022750e-01
2.313150979537235141e-01 1.236934714349788855e-01
2.307305797226306687e-01 1.218448667237554961e-01
2.301460614915376013e-01 1.199962620125321067e-01
2.295615432604447559e-01 1.181476573013084952e-01
2.289770250293516884e-01 1.162990525900848837e-01
2.285162969206639971e-01 1.147807205680950737e-01
2.280512157770608894e-01 1.132042280261518208e-01
2.275708144077990269e-01 1.116041147911839282e-01
2.270746917598500669e-01 1.099819756586695174e-01
2.265624467801865549e-01 1.083394054240855997e-01
2.260336784157805923e-01 1.066779988829114068e-01
2.254879856136045024e-01 1.049993508306243939e-01
2.249249673206308309e-01 1.033050560627026826e-01
2.243442224838319010e-01 1.015967093746250605e-01
2.237453500501798143e-01 9.987590556186876078e-02
2.231279489666457838e-01 9.814423941991123890e-02
2.224916181802039095e-01 9.640330574423194854e-02
2.218359566378251824e-01 9.465469933030812300e-02
2.211605632864828141e-01 9.290001497361788374e-02
2.204650370731484621e-01 9.114084746963979633e-02
2.197489769447944497e-01 8.937879161385109406e-02
2.190119818483924341e-01 8.761544220172967634e-02
2.182536507309158491e-01 8.585239402875455283e-02
2.174735825393372401e-01 8.409124189040340092e-02
2.166713762206273763e-01 8.233358058215434205e-02
2.158466307217592473e-01 8.058100489948505363e-02
2.149989449897053984e-01 7.883510963787410120e-02
2.141279179714377090e-01 7.709748959279894009e-02
2.132331486139289467e-01 7.536973955973813588e-02
2.123142358641507688e-01 7.365345433416914389e-02
2.113707786690759427e-01 7.195022871157075173e-02
2.104023759756761258e-01 7.026165748742041472e-02
2.094086267309245297e-01 6.858933545719647640e-02
2.083891298817925897e-01 6.693485741637683617e-02
2.073434843752526291e-01 6.529981816043939347e-02
2.062712891582774155e-01 6.368581248486271384e-02
2.051721431778390503e-01 6.209443518512447469e-02
2.040456453809098569e-01 6.052728105670301950e-02
2.027744277994518729e-01 5.883329266671255553e-02
2.015891857602865045e-01 5.732219825733664287e-02
2.003753486402441997e-01 5.584027088525944649e-02
1.991325153862970598e-01 5.438910534595819968e-02
2.002175908078440703e-01 5.424574209245691669e-02
2.017313020264039913e-01 5.424574209245691669e-02
2.032450132449639124e-01 5.424574209245691669e-02
2.047587244635240555e-01 5.424574209245691669e-02
2.062724356820839766e-01 5.424574209245691669e-02
2.077861469006441197e-01 5.424574209245691669e-02
2.092998581192040408e-01 5.424574209245691669e-02
2.108135693377639619e-01 5.424574209245691669e-02
2.123272805563241050e-01 5.424574209245691669e-02
2.138409917748840261e-01 5.424574209245691669e-02
2.153547029934441692e-01 5.424574209245691669e-02
2.168684142120040903e-01 5.424574209245691669e-02
2.183821254305642334e-01 5.424574209245691669e-02
2.198958366491241545e-01 5.424574209245691669e-02
2.214095478676840756e-01 5.424574209245691669e-02
2.229232590862439967e-01 5.424574209245691669e-02
2.244369703048039177e-01 5.424574209245691669e-02
2.259506815233642829e-01 5.424574209245691669e-02
2.274643927419239819e-01 5.424574209245691669e-02
2.289781039604839030e-01 5.424574209245691669e-02
2.304918151790440461e-01 5.424574209245691669e-02
2.320055263976039672e-01 5.424574209245691669e-02
2.335192376161641103e-01 5.424574209245691669e-02
2.350329488347238094e-01 5.424574209245691669e-02
2.365466600532839525e-01 5.424574209245691669e-02
2.380603712718440956e-01 5.424574209245691669e-02
2.395740824904040167e-01 5.424574209245691669e-02
2.410877937089641598e-01 5.424574209245691669e-02
2.426015049275238589e-01 5.424574209245691669e-02
2.441152161460840020e-01 5.424574209245691669e-02
2.456289273646439231e-01 5.424574209245691669e-02
2.471426385832040662e-01 5.424574209245691669e-02
2.486563498017639873e-01 5.424574209245691669e-02
2.501700610203239084e-01 5.424574209245691669e-02
2.516837722388840515e-01 5.424574209245691669e-02
2.531974834574439726e-01 5.424574209245691669e-02
2.547111946760041157e-01 5.424574209245691669e-02
2.562249058945638147e-01 5.424574209245691669e-02
2.577386171131239578e-01 5.424574209245691669e-02
2.592523283316838789e-01 5.424574209245691669e-02
2.607660395502440220e-01 5.424574209245691669e-02
2.622797507688039431e-01 5.424574209245691669e-02
2.637934619873638642e-01 5.424574209245691669e-02
2.653071732059242294e-01 5.424574209245691669e-02
2.668208844244839284e-01 5.424574209245691669e-02
2.683345956430438495e-01 5.424574209245691669e-02
2.698483068616039926e-01 5.424574209245691669e-02
2.713620180801639137e-01 5.424574209245691669e-02
2.728757292987240568e-01 5.424574209245691669e-02
2.743894405172837558e-01 5.424574209245691669e-02
2.759031517358438990e-01 5.424574209245691669e-02
2.774168629544038200e-01 5.424574209245691669e-02
2.789305741729639632e-01 5.424574209245691669e-02
2.804442853915238842e-01 5.424574209245691669e-02
2.819579966100840274e-01 5.424574209245691669e-02
2.834717078286439484e-01 5.424574209245691669e-02
2.849854190472038695e-01 5.424574209245691669e-02
2.864991302657640126e-01 5.424574209245691669e-02
2.880128414843239337e-01 5.424574209245691669e-02
2.895265527028838548e-01 5.424574209245691669e-02
2.910402639214439979e-01 5.424574209245691669e-02
2.925539751400039190e-01 5.424574209245691669e-02
2.940676863585638401e-01 5.424574209245691669e-02
2.950594815566174312e-01 5.498474528525720828e-02
2.956468305285511189e-01 5.683225326725827031e-02
2.962341795004848066e-01 5.867976124925911030e-02
2.968215284724187164e-01 6.052726923125995029e-02
2.974088774443524041e-01 6.237477721326079028e-02
2.980549613134795273e-01 6.440703599346209174e-02
2.986423102854132150e-01 6.625454397546293173e-02
2.992296592573469027e-01 6.810205195746377171e-02
2.998170082292805905e-01 6.994955993946461170e-02
3.004043572012145003e-01 7.179706792146545169e-02
3.009917061731481880e-01 7.364457590346651372e-02
3.015790551450818757e-01 7.549208388546735371e-02
3.021664041170157855e-01 7.733959186746841574e-02
3.027537530889494732e-01 7.918709984946925573e-02
3.033411020608831610e-01 8.103460783147009572e-02
3.039284510328168487e-01 8.288211581347093571e-02
3.045158000047507585e-01 8.472962379547177569e-02
3.051031489766844462e-01 8.657713177747283773e-02
3.056904979486181340e-01 8.842463975947389976e-02
3.062778469205518217e-01 9.027214774147473975e-02
3.068651958924857315e-01 9.211965572347557973e-02
3.074525448644194192e-01 9.396716370547641972e-02
3.080398938363531069e-01 9.581467168747748175e-02
3.086272428082870167e-01 9.766217966947832174e-02
3.092145917802207045e-01 9.950968765147916173e-02
3.098019407521543922e-01 1.013571956334802238e-01
3.103892897240883020e-01 1.032047036154812858e-01
3.109766386960219897e-01 1.050522115974821258e-01
3.115639876679556775e-01 1.068997195794829658e-01
3.121513366398895872e-01 1.087472275614838058e-01
3.127386856118230529e-01 1.105947355434846457e-01
3.133260345837567407e-01 1.124422435254857078e-01
3.139133835556906504e-01 1.142897515074867698e-01
3.145007325276243382e-01 1.161372594894876098e-01
3.150880814995580259e-01 1.179847674714884498e-01
3.156754304714919357e-01 1.198322754534892898e-01
3.162627794434256234e-01 1.216797834354903518e-01
3.168501284153593112e-01 1.235272914174911918e-01
3.174374773872929989e-01 1.253747993994922538e-01
3.180248263592269087e-01 1.272223073814930938e-01
3.186121753311605964e-01 1.290698153634939338e-01
3.191995243030945062e-01 1.309173233454949958e-01
3.197868732750279719e-01 1.327648313274958358e-01
3.203742222469618817e-01 1.346123393094966758e-01
3.209615712188955694e-01 1.364598472914977378e-01
3.215489201908292571e-01 1.383073552734985778e-01
3.221362691627629449e-01 1.401548632554996399e-01
3.227236181346968547e-01 1.420023712375004799e-01
3.233109671066305424e-01 1.438498792195013198e-01
3.238983160785644522e-01 1.456973872015021598e-01
3.244856650504979179e-01 1.475448951835029998e-01
3.250730140224318276e-01 1.493924031655040618e-01
3.256603629943655154e-01 1.512399111475049018e-01
3.262477119662994252e-01 1.530874191295059639e-01
3.268350609382328908e-01 1.549349271115068039e-01
3.274224099101668006e-01 1.567824350935074218e-01
3.280097588821007104e-01 1.586299430755084838e-01
3.285971078540341761e-01 1.604774510575095459e-01
3.291844568259680859e-01 1.623249590395106079e-01
3.297718057979017736e-01 1.641724670215114479e-01
3.303591547698356834e-01 1.660199750035122879e-01
3.309465037417693711e-01 1.678674829855131279e-01
3.315338527137030589e-01 1.697149909675139678e-01
3.321212016856369686e-01 1.715624989495148078e-01
3.327085506575706564e-01 1.734100069315158699e-01
3.332958996295041221e-01 1.752575149135167099e-01
3.338832486014380319e-01 1.771050228955177719e-01
3.344705975733719416e-01 1.789525308775186119e-01
3.350579465453056294e-01 1.808000388595196739e-01
3.356452955172390951e-01 1.826475468415205139e-01
3.362326444891732269e-01 1.844950548235215759e-01
3.368199934611066926e-01 1.863425628055224159e-01
3.374073424330406024e-01 1.881900707875232559e-01
3.379946914049742901e-01 1.900375787695240959e-01
3.385820403769079778e-01 1.918850867515249359e-01
3.391693893488416656e-01 1.937325947335259979e-01
3.398154732179690107e-01 1.957648535137270773e-01
3.404028221899026985e-01 1.976123614957281394e-01
3.409901711618363862e-01 1.994598694777289793e-01
3.415775201337700739e-01 2.013073774597298193e-01
3.421648691057039837e-01 2.031548854417306593e-01
3.427522180776376715e-01 2.050023934237314993e-01
3.433395670495713592e-01 2.068499014057323393e-01
3.439269160215050469e-01 2.086974093877331793e-01
3.445142649934389567e-01 2.105449173697344634e-01
3.451016139653726444e-01 2.123924253517353034e-01
3.456889629373063322e-01 2.142399333337361433e-01
3.462763119092400199e-01 2.160874413157369833e-01
3.468636608811739297e-01 2.179349492977378233e-01
3.474510098531076174e-01 2.197824572797388853e-01
3.480383588250413052e-01 2.216299652617399474e-01
3.486257077969752149e-01 2.234774732437407874e-01
3.492130567689089027e-01 2.253249812257416274e-01
3.498004057408425904e-01 2.271724892077426894e-01
3.503877547127762782e-01 2.290199971897435294e-01
3.509751036847099659e-01 2.308675051717441473e-01
3.515624526566438757e-01 2.327150131537452094e-01
3.521498016285777855e-01 2.345625211357462714e-01
3.527371506005112511e-01 2.364100291177471114e-01
3.533244995724451609e-01 2.382575370997479514e-01
3.539118485443788487e-01 2.401050450817490134e-01
3.544991975163125364e-01 2.419525530637498534e-01
3.550865464882462241e-01 2.438000610457506934e-01
3.556738954601803560e-01 2.456475690277519774e-01
3.562612444321138216e-01 2.474950770097528174e-01
3.568485934040475094e-01 2.493425849917536574e-01
3.574359423759811971e-01 2.511900929737544974e-01
3.580232913479151069e-01 2.530376009557553374e-01
3.586106403198487946e-01 2.548851089377561774e-01
3.591979892917824824e-01 2.567326169197570174e-01
3.597853382637163921e-01 2.585801249017580794e-01
3.603726872356500799e-01 2.604276328837589194e-01
3.609600362075837676e-01 2.622751408657597594e-01
3.615473851795176774e-01 2.641226488477608214e-01
3.621347341514513651e-01 2.659701568297616614e-01
3.627220831233850529e-01 2.678176648117625014e-01
3.633094320953187406e-01 2.696651727937637855e-01
3.638967810672526504e-01 2.715126807757646255e-01
3.644841300391861161e-01 2.733601887577654654e-01
3.650714790111200259e-01 2.752076967397663054e-01
3.656588279830539356e-01 2.770552047217671454e-01
3.662461769549876234e-01 2.789027127037679854e-01
3.668335259269210891e-01 2.807502206857688254e-01
3.674208748988549988e-01 2.825977286677698874e-01
3.680082238707886866e-01 2.844452366497709495e-01
3.685955728427223743e-01 2.862927446317717894e-01
3.691829218146560621e-01 2.881402526137728515e-01
3.697702707865901939e-01 2.899877605957736915e-01
3.703576197585236596e-01 2.918352685777745315e-01
3.709449687304573473e-01 2.936827765597755935e-01
3.715323177023912571e-01 2.955302845417764335e-01
3.721196666743249448e-01 2.973777925237772735e-01
3.727070156462586326e-01 2.992253005057781134e-01
3.732943646181923203e-01 3.010728084877789534e-01
3.738817135901262301e-01 3.029203164697800155e-01
3.744690625620599178e-01 3.047678244517808555e-01
3.750564115339938276e-01 3.066153324337819175e-01
3.756437605059275153e-01 3.084628404157829795e-01
3.762311094778612031e-01 3.103103483977835975e-01
3.768184584497948908e-01 3.121578563797844375e-01
3.774058074217288006e-01 3.140053643617854995e-01
3.779931563936627104e-01 3.158528723437863395e-01
3.785805053655961760e-01 3.177003803257874015e-01
3.791678543375300858e-01 3.195478883077882415e-01
3.797552033094637736e-01 3.213953962897890815e-01
3.803425522813974613e-01 3.232429042717899215e-01
3.809299012533311490e-01 3.250904122537907615e-01
3.815759851224582722e-01 3.271226710339918409e-01
3.821633340943921819e-01 3.289701790159926809e-01
3.827506830663258697e-01 3.308176869979939649e-01
3.833380320382595574e-01 3.326651949799950270e-01
3.839253810101932451e-01 3.345127029619956449e-01
3.845127299821271549e-01 3.363602109439967069e-01
3.851000789540608427e-01 3.382077189259975469e-01
3.856874279259945304e-01 3.400552269079983869e-01
3.862747768979282181e-01 3.419027348899992269e-01
3.868621258698621279e-01 3.437502428720002889e-01
3.874494748417958156e-01 3.455977508540011289e-01
3.880368238137295034e-01 3.474452588360019689e-01
3.886241727856631911e-01 3.492927668180030309e-01
3.892115217575971009e-01 3.511402748000040930e-01
3.897988707295307886e-01 3.529877827820044889e-01
3.903862197014644764e-01 3.548352907640055509e-01
3.909735686733983862e-01 3.566827987460068350e-01
3.915609176453320739e-01 3.585303067280076750e-01
3.921482666172657616e-01 3.603778147100085150e-01
3.927356155891994494e-01 3.622253226920093550e-01
3.933229645611333591e-01 3.640728306740101949e-01
3.939103135330670469e-01 3.659203386560110349e-01
3.944976625050007346e-01 3.677678466380120970e-01
3.950850114769346444e-01 3.696153546200131590e-01
3.956723604488683321e-01 3.714628626020139990e-01
3.962597094208020199e-01 3.733103705840146169e-01
3.968470583927357076e-01 3.751578785660156790e-01
3.974344073646696174e-01 3.770053865480167410e-01
3.980217563366033051e-01 3.788528945300178030e-01
3.986091053085369929e-01 3.807004025120186430e-01
3.991964542804709026e-01 3.825479104940194830e-01
3.997838032524043683e-01 3.843954184760203230e-01
4.003711522243382781e-01 3.862429264580211630e-01
4.009585011962719658e-01 3.880904344400222250e-01
4.015458501682056536e-01 3.899379424220230650e-01
4.021331991401393413e-01 3.917854504040241270e-01
4.027205481120732511e-01 3.936329583860249670e-01
4.033078970840069388e-01 3.954804663680260290e-01
4.038952460559408486e-01 3.973279743500268690e-01
4.044825950278743143e-01 3.991754823320277090e-01
4.050699439998082241e-01 4.010229903140285490e-01
4.056572929717419118e-01 4.028704982960296110e-01
4.062446419436758216e-01 4.047180062780304510e-01
4.068319909156092873e-01 4.065655142600312910e-01
4.074193398875431971e-01 4.084130222420321310e-01
4.080066888594768848e-01 4.102605302240329710e-01
4.085940378314107946e-01 4.121080382060338110e-01
4.091813868033442603e-01 4.139555461880346510e-01
4.097687357752781701e-01 4.158030541700359350e-01
4.103560847472118578e-01 4.176505621520369971e-01
4.109434337191457676e-01 4.194980701340378371e-01
4.115307826910792333e-01 4.213455781160386771e-01
4.121181316630131430e-01 4.231930860980395170e-01
4.127054806349470528e-01 4.250405940800403570e-01
4.132928296068807406e-01 4.268881020620414191e-01
4.138801785788144283e-01 4.287356100440422590e-01
4.144675275507481160e-01 4.305831180260430990e-01
4.150548765226818038e-01 4.324306260080439390e-01
4.156422254946157135e-01 4.342781339900452231e-01
4.162295744665496233e-01 4.361256419720460631e-01
4.168169234384830890e-01 4.379731499540466810e-01
4.174042724104169988e-01 4.398206579360479651e-01
4.179916213823506865e-01 4.416681659180485831e-01
4.185789703542843743e-01 4.435156739000496451e-01
4.191663193262180620e-01 4.453631818820504851e-01
4.197536682981517497e-01 4.472106898640513251e-01
4.203410172700856595e-01 4.490581978460523871e-01
4.209283662420195693e-01 4.509057058280532271e-01
4.215157152139530350e-01 4.527532138100542891e-01
4.221030641858869448e-01 4.546007217920551291e-01
4.226904131578206325e-01 4.564482297740559691e-01
4.232777621297543202e-01 4.582957377560570311e-01
4.239238459988814434e-01 4.603279965362578885e-01
4.245111949708153531e-01 4.621755045182585064e-01
4.250985439427490409e-01 4.640230125002600126e-01
4.256858929146827286e-01 4.658705204822608525e-01
4.262732418866164164e-01 4.677180284642614705e-01
4.268605908585503261e-01 4.695655364462625325e-01
4.274479398304840139e-01 4.714130444282633725e-01
4.280352888024177016e-01 4.732605524102642125e-01
4.286226377743513893e-01 4.751080603922650525e-01
4.292099867462852991e-01 4.769555683742663366e-01
4.297973357182189869e-01 4.788030763562671765e-01
4.303846846901526746e-01 4.806505843382677945e-01
4.309720336620865844e-01 4.824980923202690786e-01
4.315593826340202721e-01 4.843456003022696965e-01
4.321467316059539598e-01 4.861931082842707585e-01
4.327340805778876476e-01 4.880406162662718206e-01
4.333214295498215574e-01 4.898881242482724385e-01
4.339087785217552451e-01 4.917356322302735006e-01
4.344961274936889328e-01 4.935831402122743405e-01
4.350834764656226206e-01 4.954306481942754026e-01
4.356708254375565303e-01 4.972781561762762426e-01
4.362581744094902181e-01 4.991256641582768605e-01
4.368455233814241279e-01 5.009731721402781446e-01
4.374328723533575936e-01 5.028206801222789846e-01
4.380202213252915033e-01 5.046681881042800466e-01
4.386075702972251911e-01 5.065156960862806645e-01
4.391949192691588788e-01 5.083632040682815045e-01
4.397822682410925665e-01 5.102107120502825666e-01
4.403696172130264763e-01 5.120582200322836286e-01
4.409569661849601641e-01 5.139057280142844686e-01
4.415443151568940738e-01 5.157532359962853086e-01
4.421316641288275395e-01 5.176007439782861486e-01
4.427190131007614493e-01 5.194482519602872106e-01
4.433063620726951370e-01 5.212957599422878285e-01
4.438937110446288248e-01 5.231432679242891126e-01
4.444810600165625125e-01 5.249907759062899526e-01
4.450684089884964223e-01 5.268382838882907926e-01
4.456557579604301100e-01 5.286857918702918546e-01
4.462431069323640198e-01 5.305332998522926946e-01
4.468304559042974855e-01 5.323808078342935346e-01
4.474178048762313953e-01 5.342283158162943746e-01
4.480051538481650830e-01 5.360758237982954366e-01
4.485925028200987708e-01 5.379233317802962766e-01
4.491798517920324585e-01 5.397708397622971166e-01
4.497672007639663683e-01 5.416183477442981786e-01
4.503545497359000560e-01 5.434658557262990186e-01
4.509418987078339658e-01 5.453133637082998586e-01
4.515292476797676535e-01 5.471608716903006986e-01
4.521165966517013413e-01 5.490083796723017606e-01
4.527039456236350290e-01 5.508558876543028227e-01
4.532912945955689388e-01 5.527033956363036626e-01
4.538786435675026265e-01 5.545509036183045026e-01
4.544659925394363142e-01 5.563984116003053426e-01
4.550533415113700020e-01 5.582459195823061826e-01
4.556406904833039118e-01 5.600934275643074667e-01
4.562280394552375995e-01 5.619409355463083067e-01
4.568153884271712872e-01 5.637884435283093687e-01
4.574027373991049750e-01 5.656359515103099866e-01
4.579900863710388847e-01 5.674834594923108266e-01
4.585774353429725725e-01 5.693309674743118887e-01
4.591647843149062602e-01 5.711784754563127287e-01
4.597521332868401700e-01 5.730259834383137907e-01
4.603394822587738577e-01 5.748734914203146307e-01
4.609268312307075455e-01 5.767209994023154707e-01
4.615141802026412332e-01 5.785685073843163106e-01
4.621015291745749209e-01 5.804160153663171506e-01
4.626888781465088307e-01 5.822635233483182127e-01
4.632762271184427405e-01 5.841110313303192747e-01
4.638635760903762062e-01 5.859585393123201147e-01
4.644509250623101160e-01 5.878060472943209547e-01
4.650382740342438037e-01 5.896535552763217947e-01
4.656843579033709268e-01 5.916858140565228741e-01
4.662717068753048366e-01 5.935333220385239361e-01
4.668590558472385244e-01 5.953808300205245541e-01
4.674464048191722121e-01 5.972283380025256161e-01
4.680337537911058998e-01 5.990758459845266781e-01
4.686211027630398096e-01 6.009233539665275181e-01
4.692084517349734973e-01 6.027708619485285801e-01
4.697958007069071851e-01 6.046183699305291981e-01
4.703831496788408728e-01 6.064658779125300381e-01
4.709704986507747826e-01 6.083133858945311001e-01
4.715578476227084703e-01 6.101608938765321621e-01
4.721451965946421581e-01 6.120084018585332242e-01
4.727325455665758458e-01 6.138559098405338421e-01
4.733198945385097556e-01 6.157034178225346821e-01
4.739072435104434433e-01 6.175509258045357441e-01
4.744945924823773531e-01 6.193984337865365841e-01
4.750819414543108188e-01 6.212459417685376462e-01
4.756692904262447286e-01 6.230934497505384861e-01
4.762566393981784163e-01 6.249409577325395482e-01
4.768439883701121040e-01 6.267884657145401661e-01
4.774313373420457918e-01 6.286359736965410061e-01
4.780186863139797016e-01 6.304834816785420681e-01
4.786060352859133893e-01 6.323309896605429081e-01
4.791933842578472991e-01 6.341784976425441922e-01
4.797807332297807648e-01 6.360260056245448101e-01
4.803680822017146745e-01 6.378735136065456501e-01
4.809554311736483623e-01 6.397210215885467122e-01
4.815427801455820500e-01 6.415685295705475522e-01
4.821301291175157377e-01 6.434160375525486142e-01
4.827174780894496475e-01 6.452635455345494542e-01
4.833048270613833353e-01 6.471110535165502942e-01
4.838921760333172450e-01 6.489585614985513562e-01
4.844795250052507107e-01 6.508060694805521962e-01
4.850668739771846205e-01 6.526535774625532582e-01
4.856542229491183083e-01 6.545010854445538762e-01
4.862415719210519960e-01 6.563485934265547161e-01
4.868289208929859058e-01 6.581961014085560002e-01
4.874162698649195935e-01 6.600436093905568402e-01
4.880036188368535033e-01 6.618911173725576802e-01
4.885909678087871910e-01 6.637386253545585202e-01
4.891783167807208788e-01 6.655861333365593602e-01
4.897656657526545665e-01 6.674336413185604222e-01
4.903530147245882542e-01 6.692811493005612622e-01
4.909403636965219420e-01 6.711286572825623242e-01
4.915277126684560738e-01 6.729761652645631642e-01
4.921150616403895395e-01 6.748236732465640042e-01
4.927024106123234493e-01 6.766711812285648442e-01
4.932897595842571370e-01 6.785186892105656842e-01
4.938771085561908247e-01 6.803661971925667462e-01
4.944644575281245125e-01 6.822137051745678082e-01
4.950518065000582002e-01 6.840612131565686482e-01
4.956391554719918879e-01 6.859087211385694882e-01
4.962265044439260198e-01 6.877562291205703282e-01
4.968138534158594855e-01 6.896037371025713902e-01
4.974012023877933952e-01 6.914512450845722302e-01
4.979885513597270830e-01 6.932987530665732923e-01
4.985759003316607707e-01 6.951462610485741322e-01
4.991632493035944584e-01 6.969937690305749722e-01
4.997505982755281462e-01 6.988412770125760343e-01
5.003379472474618339e-01 7.006887849945768743e-01
5.009252962193959657e-01 7.025362929765777142e-01
5.015126451913294314e-01 7.043838009585785542e-01
5.020999941632633412e-01 7.062313089405796163e-01
5.026873431351968069e-01 7.080788169225806783e-01
5.032746921071307167e-01 7.099263249045815183e-01
5.038620410790644044e-01 7.117738328865823583e-01
5.044493900509985362e-01 7.136213408685831983e-01
5.050367390229320019e-01 7.154688488505840382e-01
5.056240879948659117e-01 7.173163568325853223e-01
5.062114369667995994e-01 7.191638648145861623e-01
5.067987859387332872e-01 7.210113727965870023e-01
5.073861349106669749e-01 7.228588807785878423e-01