1.208168930218006532e-02 1.008704112037231759e+00
1.208168930218006532e-02 9.996974604365476136e-01
1.208168930218006532e-02 9.896900697691204396e-01
1.208168930218006532e-02 9.796826791016930436e-01
1.208168930218006532e-02 9.696752884342658696e-01
1.499008493094997063e-02 9.636588066019780019e-01
2.442183883084597662e-02 9.634446375993406253e-01
3.344913563821558244e-02 9.629627801115119290e-01
4.207197753204514057e-02 9.622132609903135680e-01
5.029036669132053161e-02 9.611961070875658653e-01
5.810430529502819130e-02 9.599113452550893655e-01
6.551379552215408353e-02 9.583590023447043915e-01
7.251883955168447748e-02 9.565391052082323764e-01
7.911943956260553135e-02 9.544516806974929768e-01
8.600974475668982100e-02 9.518070079375180459e-01
9.462702951184009947e-02 9.476551888534978652e-01
1.021914178561269537e-01 9.429315710680148399e-01
1.087026692429760577e-01 9.376360557719138900e-01
1.141605431258128633e-01 9.317685441560399351e-01
1.185647989580630446e-01 9.253289374112370069e-01
1.227664915504622090e-01 9.170792467354549338e-01
1.269949017220320386e-01 9.074874661268808040e-01
1.300795969480965097e-01 8.988359297851942209e-01
1.320202840736483529e-01 8.911249989676541805e-01
1.330678809754851644e-01 8.840866724006972710e-01
1.338909406881654274e-01 8.749473910537339805e-01
1.343559472424474266e-01 8.644293486754115463e-01
1.344703680889128838e-01 8.540381387559847770e-01
1.344703680889128838e-01 8.442000936385130050e-01
1.344703680889128838e-01 8.343620485210416771e-01
1.344703680889128838e-01 8.245240034035699050e-01
1.344703680889128838e-01 8.137021537743511779e-01
1.344703680889128838e-01 8.038641086568791838e-01
1.344703680889128838e-01 7.940260635394076338e-01
1.344703680889128838e-01 7.841880184219358618e-01
1.344703680889128838e-01 7.743499733044645339e-01
1.344703680889128838e-01 7.645119281869925398e-01
1.344703680889128838e-01 7.546738830695212119e-01
1.344703680889128838e-01 7.448358379520494399e-01
1.344703680889128838e-01 7.349977928345774458e-01
1.344703680889128838e-01 7.251597477171056738e-01
1.344703680889128283e-01 7.153217025996341238e-01
1.344703680889128838e-01 7.054836574821625739e-01
1.344703680889128838e-01 6.956456123646910239e-01
1.344703680889128283e-01 6.858075672472192519e-01
1.344703680889128838e-01 6.759695221297474799e-01
1.344703680889128838e-01 6.661314770122761519e-01
1.344703680889128838e-01 6.562934318948043799e-01
1.344703680889128838e-01 6.464553867773328300e-01
1.344703680889128838e-01 6.366173416598610579e-01
1.344703680889128838e-01 6.267792965423895080e-01
1.344703680889128283e-01 6.169412514249175139e-01
1.344703680889128838e-01 6.071032063074459639e-01
1.344703680889128838e-01 5.972651611899741919e-01
1.344703680889128283e-01 5.874271160725024199e-01
1.344703680889128283e-01 5.775890709550308699e-01
1.344703680889128283e-01 5.677510258375590979e-01
1.344703680889128838e-01 5.579129807200875479e-01
1.344703680889128283e-01 5.480749356026157759e-01
1.344703680889128838e-01 5.382368904851442259e-01
1.344703680889128838e-01 5.283988453676726760e-01
1.344703680889128838e-01 5.175769957384539488e-01
1.344703680889128838e-01 5.077389506209819547e-01
1.344703680889128283e-01 4.979009055035101827e-01
1.344703680889128838e-01 4.880628603860388548e-01
1.344703680889128838e-01 4.782248152685670828e-01
1.344703680889128838e-01 4.683867701510953108e-01
1.344703680889128838e-01 4.585487250336237608e-01
1.344703680889128838e-01 4.487106799161519888e-01
1.344703680889128838e-01 4.388726347986806609e-01
1.344703680889128838e-01 4.290345896812086668e-01
1.344703680889128838e-01 4.191965445637368948e-01
1.344703680889128838e-01 4.093584994462655668e-01
1.344703680889128283e-01 3.995204543287937948e-01
1.344703680889128838e-01 3.896824092113218008e-01
1.344703680889128838e-01 3.798443640938504728e-01
1.344703680889128838e-01 3.700063189763787008e-01
1.344703680889128838e-01 3.601682738589071509e-01
1.344703680889128838e-01 3.503302287414353788e-01
1.344703680889128838e-01 3.404921836239636068e-01
1.344703680889128283e-01 3.306541385064922789e-01
1.344703680889128838e-01 3.208160933890205069e-01
1.344703680889128838e-01 3.109780482715487349e-01
1.344703680889128838e-01 3.011400031540769628e-01
1.344703680889128838e-01 2.913019580366054129e-01
1.344703680889128838e-01 2.814639129191338629e-01
1.344703680889128838e-01 2.716258678016618688e-01
1.344703680889128283e-01 2.617878226841903189e-01
1.344703680889128838e-01 2.519497775667185469e-01
1.344703680889128838e-01 2.421117324492472189e-01
1.344703680889128283e-01 2.322736873317754469e-01
1.344703680889128838e-01 2.214518377025562756e-01
1.344703680889128838e-01 2.116137925850847257e-01
1.344703680889128838e-01 2.017757474676131757e-01
1.344703680889128838e-01 1.919377023501416257e-01
1.344703680889128838e-01 1.820996572326696317e-01
1.344703680889128838e-01 1.722616121151983037e-01
1.344703680889128838e-01 1.624235669977265317e-01
1.344703680889128838e-01 1.525855218802549818e-01
1.344703680889128838e-01 1.427474767627832097e-01
1.344703680889128838e-01 1.329094316453114377e-01
1.344703680889128838e-01 1.230713865278398877e-01
1.341484190179957348e-01 1.112569207412013039e-01
1.330355086493929528e-01 9.960822319792783652e-02
1.311276623032169297e-01 8.951567154479311839e-02
1.284248799794676099e-01 8.097910454571244365e-02
1.249271616781448824e-01 7.399836096459999624e-02
1.206345073992488581e-01 6.857327956537107028e-02
1.173922485346963196e-01 6.590524907994388393e-02
1.132965769229387076e-01 6.359760195151320517e-02
1.082284454817720176e-01 6.154931108850947297e-02
1.021878931248608180e-01 5.976035873033258561e-02
9.517495876586978820e-02 5.823072711638221932e-02
8.718968131846344116e-02 5.696039848605827238e-02
7.823209969630656735e-02 5.594935507876175329e-02
6.830225281306367968e-02 5.519757913389189419e-02
5.740017958239940210e-02 5.470505289084859335e-02
4.552591891797849732e-02 5.447175858903241519e-02
3.644367923238500673e-02 5.445102183347505509e-02
2.832301592231664666e-02 5.445102183347505509e-02
2.020235261224834211e-02 5.445102183347505509e-02
1.208168930218006532e-02 5.445102183347505509e-02
1.208168930218006532e-02 4.450604144298719866e-02
1.208168930218006532e-02 3.456106105249978633e-02
1.208168930218006532e-02 2.461608066201192990e-02
1.208168930218006532e-02 1.467110027152451757e-02
1.448044427352132568e-02 8.704112037231759302e-03
2.247629417799212881e-02 8.704112037231759302e-03
3.047214408246293194e-02 8.704112037231759302e-03
3.846799398693373506e-02 8.704112037231759302e-03
4.646384389140453819e-02 8.704112037231759302e-03
5.445969379587534132e-02 8.704112037231759302e-03
6.245554370034617220e-02 8.704112037231759302e-03
7.045139360481700308e-02 8.704112037231759302e-03
7.844724350928777845e-02 8.704112037231759302e-03
8.644309341375860933e-02 8.704112037231759302e-03
9.443894331822938470e-02 8.704112037231759302e-03
1.024347932227002156e-01 8.704112037231759302e-03
1.104306431271710465e-01 8.704112037231759302e-03
1.184264930316418218e-01 8.704112037231759302e-03
1.264223429361126527e-01 8.704112037231759302e-03
1.344181928405834836e-01 8.704112037231759302e-03
1.424140427450542590e-01 8.704112037231759302e-03
1.504098926495250899e-01 8.704112037231759302e-03
1.584057425539959207e-01 8.704112037231759302e-03
1.664015924584666961e-01 8.704112037231759302e-03
1.743974423629375270e-01 8.704112037231759302e-03
1.823932922674083579e-01 8.704112037231759302e-03
1.903891421718791332e-01 8.704112037231759302e-03
1.983849920763499086e-01 8.704112037231759302e-03
2.063808419808207395e-01 8.704112037231759302e-03
2.140263752430082156e-01 8.708132699891901751e-03
2.259757716196640898e-01 9.283087460314032313e-03
2.339943291356140209e-01 1.065011276481353519e-02
2.393038103666193517e-01 1.282127060137150387e-02
2.426312540462779999e-01 1.614233722376567925e-02
2.467853429950828126e-01 2.297474816567590672e-02
2.514725843413871953e-01 3.315518572407860631e-02
2.554050762368971772e-01 4.362153088236708776e-02
2.582858560266556580e-01 5.279233645037928468e-02
2.611666358164143054e-01 6.196314201839192570e-02
2.640474156061726752e-01 7.113394758640390059e-02
2.669281953959313225e-01 8.030475315441631956e-02
2.698089751856897478e-01 8.947555872242873853e-02
2.726897549754483396e-01 9.864636429044093546e-02
2.755705347652068204e-01 1.078171698584531324e-01
2.784513145549654123e-01 1.169879754264655514e-01
2.813320943447238376e-01 1.261587809944777483e-01
2.842128741344823184e-01 1.353295865624899452e-01
2.870936539242409102e-01 1.445003921305023642e-01
2.899744337139994466e-01 1.536711976985147832e-01
2.928552135037579274e-01 1.628420032665269801e-01
2.957359932935164082e-01 1.720128088345393991e-01
2.986167730832749445e-01 1.811836144025515960e-01
3.014975528730335363e-01 1.903544199705637929e-01
3.043783326627919616e-01 1.995252255385762119e-01
3.072591124525504980e-01 2.086960311065884088e-01
3.101398922423090343e-01 2.178668366746006058e-01
3.130206720320674596e-01 2.270376422426130247e-01
3.159014518218259959e-01 2.362084478106252217e-01
3.187822316115845322e-01 2.453792533786374186e-01
3.216630114013430686e-01 2.545500589466500596e-01
3.248318691700773919e-01 2.646379450714633208e-01
3.277126489598359282e-01 2.738087506394757398e-01
3.305934287495944646e-01 2.829795562074879367e-01
3.334742085393528899e-01 2.921503617755003557e-01
3.363549883291114262e-01 3.013211673435125526e-01
3.392357681188699625e-01 3.104919729115247495e-01
3.421165479086284988e-01 3.196627784795371685e-01
3.449973276983869241e-01 3.288335840475493654e-01
3.478781074881455715e-01 3.380043896155617844e-01
3.507588872779041078e-01 3.471751951835739813e-01
3.536396670676624221e-01 3.563460007515864003e-01
3.565204468574210694e-01 3.655168063195983752e-01
3.594012266471794947e-01 3.746876118876110162e-01
3.622820064369380311e-01 3.838584174556232131e-01
3.651627862266965674e-01 3.930292230236354101e-01
3.680435660164551037e-01 4.022000285916478290e-01
3.709243458062136400e-01 4.113708341596602480e-01
3.738051255959720653e-01 4.205416397276724449e-01
3.766859053857307127e-01 4.297124452956846419e-01
3.795666851754891380e-01 4.388832508636970609e-01
3.824474649652476743e-01 4.480540564317092578e-01
3.853282447550062106e-01 4.572248619997216768e-01
3.882090245447647470e-01 4.663956675677336516e-01
3.910898043345231723e-01 4.755664731357460706e-01
3.939705841242817086e-01 4.847372787037584896e-01
3.968513639140403559e-01 4.939080842717706865e-01
3.997321437037987812e-01 5.030788898397828834e-01
4.026129234935572065e-01 5.122496954077955245e-01
4.054937032833158539e-01 5.214205009758077214e-01
4.083744830730743902e-01 5.305913065438196963e-01
4.115433408418086025e-01 5.406791926686334016e-01
4.144241206315671389e-01 5.498499982366458205e-01
4.173049004213256752e-01 5.590208038046577954e-01
4.201856802110841005e-01 5.681916093726702144e-01
4.230664600008427478e-01 5.773624149406826334e-01
4.259472397906011731e-01 5.865332205086948303e-01
4.288280195803597095e-01 5.957040260767070272e-01
4.317087993701182458e-01 6.048748316447196682e-01
4.345895791598767821e-01 6.140456372127318652e-01
4.374703589496352074e-01 6.232164427807438400e-01
4.403511387393937437e-01 6.323872483487564811e-01
4.432319185291522801e-01 6.415580539167684559e-01
4.461126983189108164e-01 6.507288594847808749e-01
4.489934781086693527e-01 6.598996650527932939e-01
4.518742578984278890e-01 6.690704706208054908e-01
4.547550376881863143e-01 6.782412761888176878e-01
4.576358174779448507e-01 6.874120817568301067e-01
4.605165972677033870e-01 6.965828873248425257e-01
4.633973770574619233e-01 7.057536928928547226e-01
4.662781568472204596e-01 7.149244984608669196e-01
4.691589366369788849e-01 7.240953040288791165e-01
4.720397164267375323e-01 7.332661095968915355e-01
4.749204962164959576e-01 7.424369151649039544e-01
4.778012760062544939e-01 7.516077207329161514e-01
4.806820557960130302e-01 7.607785263009283483e-01
4.835628355857715666e-01 7.699493318689407673e-01
4.864436153755299919e-01 7.791201374369529642e-01
4.893243951652885282e-01 7.882909430049651611e-01
4.922051749550470645e-01 7.974617485729775801e-01
4.950859547448056008e-01 8.066325541409897770e-01
4.979667345345640261e-01 8.158033597090021960e-01
5.011355923032985160e-01 8.258912458338156792e-01
5.040163720930568303e-01 8.350620514018280982e-01
5.068971518828153666e-01 8.442328569698402951e-01
5.097779316725739029e-01 8.534036625378524921e-01
5.123716107438014422e-01 8.598235572390640069e-01
5.152621631380074341e-01 8.506560597070822460e-01
5.181527155322132039e-01 8.414885621750995970e-01
5.210432679264191957e-01 8.323210646431176141e-01
5.239338203206251876e-01 8.231535671111354091e-01
5.268243727148311795e-01 8.139860695791529821e-01
5.297149251090371713e-01 8.048185720471709992e-01
5.326054775032431632e-01 7.956510745151885722e-01
5.354960298974489330e-01 7.864835769832068113e-01
5.383865822916549249e-01 7.773160794512243843e-01
5.412771346858611388e-01 7.681485819192421793e-01
5.441676870800671306e-01 7.589810843872599744e-01
5.470582394742729004e-01 7.498135868552775474e-01
5.499487918684788923e-01 7.406460893232953424e-01
5.528393442626848842e-01 7.314785917913131374e-01
5.557298966568908760e-01 7.223110942593311545e-01
5.586204490510968679e-01 7.131435967273489496e-01
5.615110014453028597e-01 7.039760991953667446e-01
5.644015538395086296e-01 6.948086016633845396e-01
5.672921062337146214e-01 6.856411041314023347e-01
5.701826586279206133e-01 6.764736065994201297e-01
5.730732110221266051e-01 6.673061090674379248e-01
5.759637634163325970e-01 6.581386115354557198e-01
5.788543158105385888e-01 6.489711140034732928e-01
5.817448682047445807e-01 6.398036164714913099e-01
5.846354205989505726e-01 6.306361189395093270e-01
5.878150282325771414e-01 6.205518716543287905e-01
5.907055806267831333e-01 6.113843741223465855e-01
5.935961330209891251e-01 6.022168765903643806e-01
5.964866854151946729e-01 5.930493790583819536e-01
5.993772378094008868e-01 5.838818815263997486e-01
6.022677902036068787e-01 5.747143839944177657e-01
6.051583425978128705e-01 5.655468864624355607e-01
6.080488949920188624e-01 5.563793889304531337e-01
6.109394473862246322e-01 5.472118913984709287e-01
6.138299997804306241e-01 5.380443938664887238e-01
6.167205521746366159e-01 5.288768963345065188e-01
6.196111045688428298e-01 5.197093988025245359e-01
6.225016569630485996e-01 5.105419012705423309e-01
6.253922093572545915e-01 5.013744037385599039e-01
6.282827617514605834e-01 4.922069062065779210e-01
6.311733141456663532e-01 4.830394086745957161e-01
6.340638665398725671e-01 4.738719111426135111e-01
6.369544189340783369e-01 4.647044136106313061e-01
6.398449713282843287e-01 4.555369160786491012e-01
6.427355237224905427e-01 4.463694185466668962e-01
6.456260761166963125e-01 4.372019210146846913e-01
6.485166285109023043e-01 4.280344234827024863e-01
6.514071809051082962e-01 4.188669259507202813e-01
6.542977332993140660e-01 4.096994284187380764e-01
6.571882856935202799e-01 4.005319308867558714e-01
6.600788380877262718e-01 3.913644333547734444e-01
6.629693904819322636e-01 3.821969358227912394e-01
6.658599428761380334e-01 3.730294382908092565e-01
6.687504952703440253e-01 3.638619407588268295e-01
6.716410476645500172e-01 3.546944432268448466e-01
6.748206552981765860e-01 3.446101959416643101e-01
6.777112076923825779e-01 3.354426984096821052e-01
6.806017600865885697e-01 3.262752008776999002e-01
6.834923124807945616e-01 3.171077033457176952e-01
6.863828648750005534e-01 3.079402058137354903e-01
6.892734172692065453e-01 2.987727082817532853e-01
6.921639696634123151e-01 2.896052107497713024e-01
6.950545220576183070e-01 2.804377132177888754e-01
6.979450744518242988e-01 2.712702156858068925e-01
7.008356268460302907e-01 2.621027181538244655e-01
7.037261792402362826e-01 2.529352206218422605e-01
7.066167316344420524e-01 2.437677230898602776e-01
7.095072840286482663e-01 2.346002255578780726e-01
7.123978364228540361e-01 2.254327280258958677e-01
7.152883888170600279e-01 2.162652304939136627e-01
7.181789412112660198e-01 2.070977329619314578e-01
7.210694936054720117e-01 1.979302354299492528e-01
7.239600459996782256e-01 1.887627378979668258e-01
7.268505983938837733e-01 1.795952403659846208e-01
7.297411507880899872e-01 1.704277428340024159e-01
7.326317031822957571e-01 1.612602453020202109e-01
7.355222555765019710e-01 1.520927477700380059e-01
7.384128079707079628e-01 1.429252502380558010e-01
7.413033603649137326e-01 1.337577527060735960e-01
7.441939127591197245e-01 1.245902551740916131e-01
7.470844651533257164e-01 1.154227576421091861e-01
7.499750175475317082e-01 1.062552601101269811e-01
7.528655699417377001e-01 9.708776257814477617e-02
7.557561223359434699e-01 8.792026504616257121e-02
7.586466747301496838e-01 7.875276751418036625e-02
7.618262823637762526e-01 6.866852022900005181e-02
7.647168347579820225e-01 5.950102269701762481e-02
7.676073871521880143e-01 5.033352516503564189e-02
7.704979395463940062e-01 4.116602763305343693e-02
7.735941877582677151e-01 3.100898930778672735e-02
7.776706684383389856e-01 2.014045826204413636e-02
7.816732820211118593e-01 1.364939299808010098e-02
7.851766135527471491e-01 1.133049147661280287e-02
7.911187101427976653e-01 9.871676316952404662e-03
7.998548770388600460e-01 8.996074239383311522e-03
8.113851142409334027e-01 8.704112037231759302e-03
8.185814057769940089e-01 8.704112037231759302e-03
8.265772852615058675e-01 8.704112037231759302e-03
8.345731647460177260e-01 8.704112037231759302e-03
8.425690442305295846e-01 8.704112037231759302e-03
8.505649237150412212e-01 8.704112037231759302e-03
8.585608031995530798e-01 8.704112037231759302e-03
8.665566826840649384e-01 8.704112037231759302e-03
8.745525621685767970e-01 8.704112037231759302e-03
8.825484416530884335e-01 8.704112037231759302e-03
8.905443211376002921e-01 8.704112037231759302e-03
8.985402006221119287e-01 8.704112037231759302e-03
9.065360801066240093e-01 8.704112037231759302e-03
9.145319595911358679e-01 8.704112037231759302e-03
9.225278390756477265e-01 8.704112037231759302e-03
9.305237185601593630e-01 8.704112037231759302e-03
9.385195980446712216e-01 8.704112037231759302e-03
9.465154775291830802e-01 8.704112037231759302e-03
9.545113570136949388e-01 8.704112037231759302e-03
9.625072364982067974e-01 8.704112037231759302e-03
9.705031159827186560e-01 8.704112037231759302e-03
9.792985834156817671e-01 8.704112037231759302e-03
9.872944629001931816e-01 8.704112037231759302e-03
9.952903423847052622e-01 8.704112037231759302e-03
1.003286221869217121e+00 8.704112037231759302e-03
1.011282101353728979e+00 8.704112037231759302e-03
1.012081689302180010e+00 1.666009634962195562e-02
1.012081689302180010e+00 2.660507674010959001e-02
1.012081689302180010e+00 3.655005713059722439e-02
1.012081689302180010e+00 4.649503752108485877e-02
1.011269580544942981e+00 5.445102183347505509e-02
1.003148492972572026e+00 5.445102183347505509e-02
9.950274054002012925e-01 5.445102183347505509e-02
9.869063178278305593e-01 5.445102183347505509e-02
9.774049235689112880e-01 5.448342308803599821e-02
9.656281812470524084e-01 5.474263978474747105e-02
9.548236737759714376e-01 5.526109019874647643e-02
9.449914011556677096e-01 5.603879209063200584e-02
9.361313633861423344e-01 5.707576322100482713e-02
9.282435604673939800e-01 5.837202135046370977e-02
9.213279923994237564e-01 5.992758423960986569e-02
9.153846591822312195e-01 6.174246964904273050e-02
9.104135608158163695e-01 6.381669533936240590e-02
9.064146973001789842e-01 6.615027907116877159e-02
9.030630911992010290e-01 6.904578750233736351e-02
8.988499305180626120e-01 7.462642786413109519e-02
8.954317058144976027e-01 8.176274653141679671e-02
8.928084170885053350e-01 9.045490474027895189e-02
8.909800643400864750e-01 1.007030637268033768e-01
8.899466475692412448e-01 1.125073847270752214e-01
8.896922680564178787e-01 1.240551434806700382e-01
8.896922680564178787e-01 1.348764699618010265e-01
8.896922680564178787e-01 1.447140394901018645e-01
8.896922680564178787e-01 1.545516090184024804e-01
8.896922680564178787e-01 1.643891785467033184e-01
8.896922680564178787e-01 1.742267480750039343e-01
8.896922680564178787e-01 1.840643176033049944e-01
8.896922680564178787e-01 1.939018871316056103e-01
8.896922680564178787e-01 2.037394566599066703e-01
8.896922680564178787e-01 2.135770261882072862e-01
8.896922680564181007e-01 2.234145957165081242e-01
8.896922680564181007e-01 2.332521652448091842e-01
8.896922680564178787e-01 2.430897347731098002e-01
8.896922680564178787e-01 2.529273043014106381e-01
8.896922680564178787e-01 2.627648738297112541e-01
8.896922680564178787e-01 2.726024433580120920e-01
8.896922680564178787e-01 2.824400128863131521e-01
8.896922680564178787e-01 2.922775824146137680e-01
8.896922680564178787e-01 3.021151519429148280e-01
8.896922680564178787e-01 3.119527214712154439e-01
8.896922680564178787e-01 3.217902909995160599e-01
8.896922680564178787e-01 3.316278605278171199e-01
8.896922680564178787e-01 3.414654300561177358e-01
8.896922680564178787e-01 3.513029995844187958e-01
8.896922680564178787e-01 3.611405691127196338e-01
8.896922680564178787e-01 3.709781386410202497e-01
8.896922680564178787e-01 3.808157081693210877e-01
8.896922680564178787e-01 3.906532776976219257e-01
8.896922680564178787e-01 4.004908472259229857e-01
8.896922680564178787e-01 4.103284167542236016e-01
8.896922680564178787e-01 4.201659862825242175e-01
8.896922680564178787e-01 4.309873127636549839e-01
8.896922680564178787e-01 4.408248822919560439e-01
8.896922680564178787e-01 4.506624518202568819e-01
8.896922680564178787e-01 4.605000213485577198e-01
8.896922680564178787e-01 4.703375908768583358e-01
8.896922680564178787e-01 4.801751604051591737e-01
8.896922680564178787e-01 4.900127299334602338e-01
8.896922680564178787e-01 4.998502994617608497e-01
8.896922680564178787e-01 5.096878689900616877e-01
8.896922680564178787e-01 5.195254385183623036e-01
8.896922680564178787e-01 5.293630080466633636e-01
8.896922680564178787e-01 5.392005775749642016e-01
8.896922680564178787e-01 5.490381471032648175e-01
8.896922680564178787e-01 5.588757166315658775e-01
8.896922680564178787e-01 5.687132861598664935e-01
8.896922680564178787e-01 5.785508556881673314e-01
8.896922680564178787e-01 5.883884252164681694e-01
8.896922680564178787e-01 5.982259947447687853e-01
8.896922680564178787e-01 6.080635642730698454e-01
8.896922680564178787e-01 6.179011338013704613e-01
8.896922680564178787e-01 6.277387033296712993e-01
8.896922680564178787e-01 6.375762728579721372e-01
8.896922680564178787e-01 6.474138423862731972e-01
8.896922680564178787e-01 6.572514119145740352e-01
8.896922680564178787e-01 6.670889814428746512e-01
8.896922680564178787e-01 6.769265509711752671e-01
8.896922680564178787e-01 6.867641204994761051e-01
8.896922680564178787e-01 6.966016900277771651e-01
8.896922680564178787e-01 7.064392595560780030e-01
8.896922680564178787e-01 7.162768290843786190e-01
8.896922680564178787e-01 7.261143986126794569e-01
8.896922680564178787e-01 7.369357250938104453e-01
8.896922680564178787e-01 7.467732946221112833e-01
8.896922680564178787e-01 7.566108641504118992e-01
8.896922680564178787e-01 7.664484336787129592e-01
8.896922680564178787e-01 7.762860032070135752e-01
8.896922680564178787e-01 7.861235727353146352e-01
8.896922680564178787e-01 7.959611422636152511e-01
8.896922680564178787e-01 8.057987117919158671e-01
8.896922680564178787e-01 8.156362813202169271e-01
8.896922680564178787e-01 8.254738508485175430e-01
8.896922680564178787e-01 8.353114203768186030e-01
8.896922680564178787e-01 8.451489899051192189e-01
8.896922680564178787e-01 8.549865594334200569e-01
8.896922680564178787e-01 8.648241289617211169e-01
8.896922680564178787e-01 8.746616984900217329e-01
8.896922680564178787e-01 8.844992680183227929e-01
8.896922680564178787e-01 8.943368375466234088e-01
8.900142171273353053e-01 9.061580898810122076e-01
8.911271274959375877e-01 9.178332680327252469e-01
8.930349738421134997e-01 9.279720033439011750e-01
8.957377561658630416e-01 9.365742151964986384e-01
8.992354744671855471e-01 9.436398229724731745e-01
9.035281287460819044e-01 9.491687460537836518e-01
9.067708330834574060e-01 9.519075479106924309e-01
9.108669200841725822e-01 9.542774585520741315e-01
9.159352419356654451e-01 9.563810170276973999e-01
9.219757986379357728e-01 9.582182410981625598e-01
9.289885901909842314e-01 9.597891485240690468e-01
9.369736165948097106e-01 9.610937570660167406e-01
9.459308778494133207e-01 9.621320844846070752e-01
9.569067964821253991e-01 9.629667111448527717e-01
9.679057509233619516e-01 9.634459060151427945e-01
9.798769402153764130e-01 9.636588748199346188e-01
9.885305353423046171e-01 9.636708540338096984e-01
9.966516229146755723e-01 9.636708540338096984e-01
1.004772710487046306e+00 9.636708540338096984e-01
1.012081689302180010e+00 9.636708540338096984e-01
1.012081689302180010e+00 9.736782447012370945e-01
1.012081689302180010e+00 9.836856353686642684e-01
1.012081689302180010e+00 9.936930260360912204e-01
1.012081689302180010e+00 1.003700416703518172e+00
1.010397126712574201e+00 1.008544458760446627e+00
1.005933334890575903e+00 1.008158566954000079e+00
1.001108993800745139e+00 1.007791591412576349e+00
9.959241049796923040e-01 1.007443532136174547e+00
9.903786699640264590e-01 1.007114389124793341e+00
9.844726902903586652e-01 1.006804162378434508e+00
9.782061674952988728e-01 1.006512851897097161e+00
9.715791031154570323e-01 1.006240457680782630e+00
9.645914986874430941e-01 1.005986979729489139e+00
9.572433557478678967e-01 1.005752418043218466e+00
9.495346758333405024e-01 1.005536772621968833e+00
9.414654604804710836e-01 1.005340043465741129e+00
9.330357112258704788e-01 1.005162230574535354e+00
9.242454296061484165e-01 1.005003333948351507e+00
9.150946171579146249e-01 1.004863353587189589e+00
9.055832754177794985e-01 1.004742289491049601e+00
8.957114059223534319e-01 1.004640141659931540e+00
8.854790102082459313e-01 1.004556910093835409e+00
8.748860898120671692e-01 1.004492594792760762e+00
8.628174732024227467e-01 1.004443696247679263e+00
8.514674559755606165e-01 1.004419105103151022e+00
8.409424731528887254e-01 1.004413145597796930e+00
8.292877632340667216e-01 1.004424389532128981e+00
8.179953012091585318e-01 1.004454373357014152e+00
8.070650870781637121e-01 1.004503097072452000e+00
7.964971208410827064e-01 1.004570560678444302e+00
7.862914024979150707e-01 1.004656764174988837e+00
7.764479320486608049e-01 1.004761707562086936e+00
7.669667094933203533e-01 1.004885390839739046e+00
7.578477348318934936e-01 1.005027814007943832e+00
7.490910080643800040e-01 1.005188977066702183e+00
7.406965291907803284e-01 1.005368880016013655e+00
7.326642982110938007e-01 1.005567522855878249e+00
7.249943151253213092e-01 1.005784905586295963e+00
7.176865799334619656e-01 1.006021028207267243e+00
7.107410926355162140e-01 1.006275890718791644e+00
7.041578532314842764e-01 1.006549493120869609e+00
6.979368617213657089e-01 1.006841835413500696e+00
6.920781181051607334e-01 1.007152917596684460e+00
6.865816223828693499e-01 1.007482739670422234e+00
6.814473745544913363e-01 1.007831301634713128e+00
6.766753746200271369e-01 1.008198603489557588e+00
6.722656225794763074e-01 1.008584645234954280e+00
6.710133353066243256e-01 1.002699677636775810e+00
6.710133353066243256e-01 9.926922869693484142e-01
6.710133353066243256e-01 9.826848963019210181e-01
6.710133353066243256e-01 9.726775056344942882e-01
6.710133353066243256e-01 9.636708540338096984e-01
6.790697032361010521e-01 9.636708540338096984e-01
6.879317079585254291e-01 9.636708540338096984e-01
6.959880758880021556e-01 9.636708540338096984e-01
7.050873262986161460e-01 9.636497004675330658e-01
7.170665909028473006e-01 9.634117168693248079e-01
7.280481390635660244e-01 9.629092905142258019e-01
7.380319707807720953e-01 9.621424031034699897e-01
7.470180860544664014e-01 9.611110363382957544e-01
7.550064848846476107e-01 9.598151719199365939e-01
7.619971672713170552e-01 9.582547915496311131e-01
7.679901332144738468e-01 9.564298769286132540e-01
7.729853827141182077e-01 9.543404097581205114e-01
7.769829157702503597e-01 9.519863717393888258e-01
7.802937115735428808e-01 9.490747690506804446e-01
7.844243856750809929e-01 9.434642427743293869e-01
7.877756873046311004e-01 9.362590109980828412e-01
7.903476164621920930e-01 9.274591543399826055e-01
7.921401731477650809e-01 9.170647534180722538e-01
7.931533573613500643e-01 9.050758888503942501e-01
7.934027565523862346e-01 8.933533646945002182e-01
7.934027565523862346e-01 8.835186361732687566e-01
7.934027565523862346e-01 8.736839076520377390e-01
7.934027565523862346e-01 8.638491791308064993e-01
7.934027565523864567e-01 8.540144506095752597e-01
7.934027565523862346e-01 8.441797220883442421e-01
7.934027565523862346e-01 8.343449935671127804e-01
7.934027565523862346e-01 8.245102650458815408e-01
7.934027565523862346e-01 8.146755365246503011e-01
7.934027565523862346e-01 8.048408080034190615e-01
7.934027565523862346e-01 7.950060794821878218e-01
7.934027565523862346e-01 7.851713509609565822e-01
7.934027565523862346e-01 7.753366224397253426e-01
7.934027565523862346e-01 7.645184210663709123e-01
7.934027565523862346e-01 7.546836925451398947e-01
7.934027565523862346e-01 7.448489640239086551e-01
7.934027565523862346e-01 7.350142355026769714e-01
7.934027565523862346e-01 7.251795069814459538e-01
7.934027565523862346e-01 7.153447784602147141e-01
7.934027565523862346e-01 7.055100499389834745e-01
7.934027565523862346e-01 6.956753214177522349e-01
7.934027565523862346e-01 6.858405928965209952e-01
7.934027565523862346e-01 6.760058643752897556e-01
7.934027565523862346e-01 6.661711358540582939e-01
7.934027565523862346e-01 6.563364073328272763e-01
7.934027565523862346e-01 6.465016788115960367e-01
7.934027565523862346e-01 6.366669502903647970e-01
7.934027565523862346e-01 6.268322217691335574e-01
7.934027565523862346e-01 6.169974932479025398e-01
7.934027565523862346e-01 6.071627647266710781e-01
7.934027565523864567e-01 5.973280362054400605e-01
7.934027565523862346e-01 5.874933076842085988e-01
7.934027565523862346e-01 5.776585791629771371e-01
7.934027565523862346e-01 5.678238506417461195e-01
7.934027565523862346e-01 5.579891221205148799e-01
7.934027565523862346e-01 5.481543935992834182e-01
7.934027565523862346e-01 5.383196650780521786e-01
7.934027565523862346e-01 5.284849365568211610e-01
7.934027565523862346e-01 5.186502080355896993e-01
7.934027565523862346e-01 5.088154795143582376e-01
7.934027565523862346e-01 4.989807509931272200e-01
7.934027565523862346e-01 4.891460224718959804e-01
7.934027565523862346e-01 4.793112939506647407e-01
7.934027565523862346e-01 4.684930925773105326e-01
7.934027565523862346e-01 4.586583640560790709e-01
7.934027565523862346e-01 4.488236355348480533e-01
7.934027565523862346e-01 4.389889070136168137e-01
7.934027565523862346e-01 4.291541784923853520e-01
7.934027565523862346e-01 4.193194499711541123e-01
7.934027565523862346e-01 4.094847214499230947e-01
7.934027565523862346e-01 3.996499929286918551e-01
7.934027565523862346e-01 3.898152644074606155e-01
7.934027565523862346e-01 3.799805358862293758e-01
7.934027565523862346e-01 3.701458073649979141e-01
7.934027565523862346e-01 3.603110788437666745e-01
7.934027565523862346e-01 3.504763503225354349e-01
7.934027565523862346e-01 3.406416218013041952e-01
7.934027565523862346e-01 3.308068932800731776e-01
7.934027565523862346e-01 3.209721647588419380e-01
7.934027565523862346e-01 3.111374362376104763e-01
7.934027565523862346e-01 3.013027077163792367e-01
7.934027565523862346e-01 2.914679791951479970e-01
7.934027565523862346e-01 2.816332506739165353e-01
7.934027565523862346e-01 2.717985221526852957e-01
7.934027565523862346e-01 2.619637936314545001e-01
7.934027565523862346e-01 2.521290651102230385e-01
7.934027565523862346e-01 2.422943365889917988e-01
7.934027565523862346e-01 2.324596080677605592e-01
7.934027565523864567e-01 2.226248795465290975e-01
7.934027565523862346e-01 2.127901510252980799e-01
7.934027565523862346e-01 2.029554225040668403e-01
7.934027565523862346e-01 1.931206939828353786e-01
7.934027565523862346e-01 1.832859654616043610e-01
7.934027565523862346e-01 1.724677640882499308e-01
7.934027565523862346e-01 1.626330355670186911e-01
7.934027565523862346e-01 1.527983070457874515e-01
7.934027565523864567e-01 1.429635785245562118e-01
7.934027565523862346e-01 1.331288500033249722e-01
7.934027565523862346e-01 1.232941214820937326e-01
7.934027565523862346e-01 1.134593929608624929e-01
7.934027565523862346e-01 1.036246644396312533e-01
7.934027565523862346e-01 9.378993591840023569e-02
7.934027565523862346e-01 8.395520739716877401e-02
7.934027565523862346e-01 7.412047887593731232e-02
7.934027565523862346e-01 6.428575035470629473e-02
7.934027565523862346e-01 5.445102183347505509e-02
7.902243929958459034e-01 6.086509153042607423e-02
7.873384966088410319e-01 7.002804824035613329e-02
7.844526002218361604e-01 7.919100495028619235e-02
7.815667038348312889e-01 8.835396166021625142e-02
7.786808074478264174e-01 9.751691837014631048e-02
7.757949110608217680e-01 1.066798750800761475e-01
7.729090146738166744e-01 1.158428317900062066e-01
7.700231182868120250e-01 1.250057884999362656e-01
7.671372218998071535e-01 1.341687452098663247e-01
7.642513255128025040e-01 1.433317019197961617e-01
7.613654291257974105e-01 1.524946586297264428e-01
7.584795327387927610e-01 1.616576153396565019e-01
7.555936363517878895e-01 1.708205720495863389e-01
7.527077399647830180e-01 1.799835287595163980e-01
7.498218435777781465e-01 1.891464854694464570e-01
7.469359471907734971e-01 1.983094421793765161e-01
7.440500508037688476e-01 2.074723988893063531e-01
7.408755647780636000e-01 2.175516512702295735e-01
7.379896683910585065e-01 2.267146079801594105e-01
7.351037720040538570e-01 2.358775646900894696e-01
7.322178756170489855e-01 2.450405214000195286e-01
7.293319792300441140e-01 2.542034781099495877e-01
7.264460828430392425e-01 2.633664348198796468e-01
7.235601864560345930e-01 2.725293915298097058e-01
7.206742900690297216e-01 2.816923482397397649e-01
7.177883936820248501e-01 2.908553049496698240e-01
7.149024972950199786e-01 3.000182616595998830e-01
7.120166009080151071e-01 3.091812183695299421e-01
7.091307045210102356e-01 3.183441750794595571e-01
7.062448081340053641e-01 3.275071317893898382e-01
7.033589117470007146e-01 3.366700884993198972e-01
7.004730153599958431e-01 3.458330452092499563e-01
6.975871189729909716e-01 3.549960019191800153e-01
6.947012225859863221e-01 3.641589586291100744e-01
6.918153261989814506e-01 3.733219153390399114e-01
6.889294298119765791e-01 3.824848720489699705e-01
6.860435334249717076e-01 3.916478287589000296e-01
6.831576370379668361e-01 4.008107854688300886e-01
6.802717406509621867e-01 4.099737421787601477e-01
6.773858442639575372e-01 4.191366988886899847e-01
6.744999478769526657e-01 4.282996555986200438e-01
6.716140514899477942e-01 4.374626123085503249e-01
6.687281551029429227e-01 4.466255690184803839e-01
6.658422587159380512e-01 4.557885257284102209e-01
6.629563623289331797e-01 4.649514824383400580e-01
6.600704659419283082e-01 4.741144391482703391e-01
6.571845695549234367e-01 4.832773958582003981e-01
6.542986731679187873e-01 4.924403525681304572e-01
6.511241871422135397e-01 5.025196049490534556e-01
6.482382907552086682e-01 5.116825616589835146e-01
6.453523943682037967e-01 5.208455183689133516e-01
6.424664979811989252e-01 5.300084750788436327e-01
6.395806015941940537e-01 5.391714317887734698e-01
6.366947052071894042e-01 5.483343884987035288e-01
6.338088088201845327e-01 5.574973452086335879e-01
6.309229124331796612e-01 5.666603019185638690e-01
6.280370160461750118e-01 5.758232586284934840e-01
6.251511196591699182e-01 5.849862153384237651e-01
6.222652232721652688e-01 5.941491720483536021e-01
6.193793268851606193e-01 6.033121287582838832e-01
6.164934304981557478e-01 6.124750854682139423e-01
6.136075341111508763e-01 6.216380421781437793e-01
6.107216377241460048e-01 6.308009988880738383e-01
6.078357413371411333e-01 6.399639555980038974e-01
6.049498449501364838e-01 6.491269123079339565e-01
6.020639485631316123e-01 6.582898690178640155e-01
5.991780521761267408e-01 6.674528257277938526e-01
5.962921557891218693e-01 6.766157824377239116e-01
5.934062594021169978e-01 6.857787391476539707e-01
5.905203630151123484e-01 6.949416958575840297e-01
5.876344666281074769e-01 7.041046525675140888e-01
5.847485702411026054e-01 7.132676092774439258e-01
5.818626738540977339e-01 7.224305659873742069e-01
5.789767774670930844e-01 7.315935226973042660e-01
5.760908810800882129e-01 7.407564794072341030e-01
5.732049846930833414e-01 7.499194361171643841e-01
5.703190883060784699e-01 7.590823928270944432e-01
5.674331919190738205e-01 7.682453495370242802e-01
5.642587058933683508e-01 7.783246019179472786e-01
5.613728095063637014e-01 7.874875586278773376e-01
5.584869131193588299e-01 7.966505153378071746e-01
5.556010167323539584e-01 8.058134720477372337e-01
5.527151203453490869e-01 8.149764287576675148e-01
5.498292239583444374e-01 8.241393854675973518e-01
5.469433275713395659e-01 8.333023421775276329e-01
5.440574311843346944e-01 8.424652988874572479e-01
5.411715347973298229e-01 8.516282555973875290e-01
5.382856384103251735e-01 8.607912123073175881e-01
5.353997420233203020e-01 8.699541690172474251e-01
5.325138456363154305e-01 8.791171257271774842e-01
5.296279492493105590e-01 8.882800824371077653e-01
5.267420528623059095e-01 8.974430391470376023e-01
5.238561564753010380e-01 9.066059958569676613e-01
5.209702600882961665e-01 9.157689525668974984e-01
5.180843637012912950e-01 9.249319092768277795e-01
5.151984673142864235e-01 9.340948659867578385e-01
5.123125709272815520e-01 9.432578226966876755e-01
5.094266745402769025e-01 9.524207794066177346e-01
5.065407781532720310e-01 9.615837361165480157e-01
5.036548817662671595e-01 9.707466928264780748e-01
5.007689853792625101e-01 9.799096495364076898e-01
4.971131040471037932e-01 9.906438362027969458e-01
4.923444643944303034e-01 9.999310303876305372e-01
4.869543313461912049e-01 1.005901369506451370e+00
4.809429203545799170e-01 1.008554853559261222e+00
4.754012568091229851e-01 1.008179857553393344e+00
4.697507705183953663e-01 1.004976155351993583e+00
4.645728498207563617e-01 9.988601749898431414e-01
4.594229503133701598e-01 9.887691256697266340e-01
4.552374173612163122e-01 9.765379348624996236e-01
4.526403584830855364e-01 9.682843078028626760e-01
4.497547375073847609e-01 9.591136110699325368e-01
4.468691165316837632e-01 9.499429143370021755e-01
4.439834955559828766e-01 9.407722176040720363e-01
4.410978745802822121e-01 9.316015208711418971e-01
4.382122536045812145e-01 9.224308241382117579e-01
4.353266326288803278e-01 9.132601274052816187e-01
4.324410116531794412e-01 9.040894306723514795e-01
4.295553906774786657e-01 8.949187339394213403e-01
4.266697697017777791e-01 8.857480372064912011e-01
4.237841487260768925e-01 8.765773404735610619e-01
4.208985277503760059e-01 8.674066437406309227e-01
4.180129067746751192e-01 8.582359470077007835e-01
4.151272857989743437e-01 8.490652502747706443e-01
4.122416648232733460e-01 8.398945535418402830e-01
4.093560438475725705e-01 8.307238568089103659e-01
4.064704228718716839e-01 8.215531600759802267e-01
4.035848018961707973e-01 8.123824633430498654e-01
4.006991809204699106e-01 8.032117666101199482e-01
3.978135599447689130e-01 7.940410698771895870e-01
3.949279389690681374e-01 7.848703731442594478e-01
3.920423179933672508e-01 7.756996764113293086e-01
3.891566970176663642e-01 7.665289796783991694e-01
3.862710760419655887e-01 7.573582829454690302e-01
3.833854550662647021e-01 7.481875862125388910e-01
3.804998340905638154e-01 7.390168894796087518e-01
3.776142131148629288e-01 7.298461927466786126e-01
3.747285921391620422e-01 7.206754960137484733e-01
3.718429711634611556e-01 7.115047992808181121e-01
3.686687880901901582e-01 7.014170328745952254e-01
3.657831671144893826e-01 6.922463361416650862e-01
3.628975461387884960e-01 6.830756394087347250e-01
3.600119251630876094e-01 6.739049426758045858e-01
3.571263041873867228e-01 6.647342459428746686e-01
3.542406832116859472e-01 6.555635492099443073e-01
3.513550622359850606e-01 6.463928524770143902e-01
3.484694412602841740e-01 6.372221557440842510e-01
3.455838202845832874e-01 6.280514590111538897e-01
3.426981993088824008e-01 6.188807622782237505e-01
3.398125783331815142e-01 6.097100655452936113e-01
3.369269573574807386e-01 6.005393688123636942e-01
3.340413363817798520e-01 5.913686720794333329e-01
3.311557154060788544e-01 5.821979753465031937e-01
3.282700944303780788e-01 5.730272786135732765e-01
3.253844734546771922e-01 5.638565818806429153e-01
3.224988524789763056e-01 5.546858851477127761e-01
3.196132315032754190e-01 5.455151884147826369e-01
3.167276105275745324e-01 5.363444916818524977e-01
3.138419895518737568e-01 5.271737949489223585e-01
3.109563685761728702e-01 5.180030982159922193e-01
3.080707476004719836e-01 5.088324014830620801e-01
3.051851266247710970e-01 4.996617047501319409e-01
3.022995056490702104e-01 4.904910080172018016e-01
2.994138846733693238e-01 4.813203112842716624e-01
2.965282636976684927e-01 4.721496145513415232e-01
2.936426427219676061e-01 4.629789178184111620e-01
2.907570217462667195e-01 4.538082210854812448e-01
2.878714007705658884e-01 4.446375243525511056e-01
2.849857797948650573e-01 4.354668276196209664e-01
2.818115967215940598e-01 4.253790612133976357e-01
2.789259757458932287e-01 4.162083644804674964e-01
2.760403547701922866e-01 4.070376677475373572e-01
2.731547337944914000e-01 3.978669710146072180e-01
2.702691128187905689e-01 3.886962742816770788e-01
2.673834918430896823e-01 3.795255775487469396e-01
2.644978708673888512e-01 3.703548808158168004e-01
2.616122498916879091e-01 3.611841840828866612e-01
2.587266289159871335e-01 3.520134873499565220e-01
2.558410079402861914e-01 3.428427906170263828e-01
2.529553869645853603e-01 3.336720938840962436e-01
2.500697659888844737e-01 3.245013971511661044e-01
2.471841450131836426e-01 3.153307004182359652e-01
2.442985240374826450e-01 3.061600036853056039e-01
2.414129030617818139e-01 2.969893069523756868e-01
2.385272820860809828e-01 2.878186102194455476e-01
2.356416611103800962e-01 2.786479134865154084e-01
2.327560401346792651e-01 2.694772167535850471e-01
2.298704191589783785e-01 2.603065200206549079e-01
2.269847981832775474e-01 2.511358232877247687e-01
2.240991772075766608e-01 2.419651265547948515e-01
2.212135562318757187e-01 2.327944298218644903e-01
2.183279352561748876e-01 2.236237330889343511e-01
2.154423142804740010e-01 2.144530363560042119e-01
2.125566933047731699e-01 2.052823396230740727e-01
2.096710723290722833e-01 1.961116428901439335e-01
2.067854513533714522e-01 1.869409461572137943e-01
2.038998303776706211e-01 1.777702494242836551e-01
2.010142094019697345e-01 1.685995526913535159e-01
1.981285884262687924e-01 1.594288559584233766e-01
1.949544053529978505e-01 1.493410895522002679e-01
1.920687843772970194e-01 1.401703928192699067e-01
1.891831634015960772e-01 1.309996960863399895e-01
1.862975424258952462e-01 1.218289993534096283e-01
1.834119214501943596e-01 1.126583026204794891e-01
1.805263004744934729e-01 1.034876058875493499e-01
1.776406794987926419e-01 9.431690915461921065e-02
1.747550585230917553e-01 8.514621242168929349e-02
1.718694375473909242e-01 7.597551568875893224e-02
1.689838165716900376e-01 6.680481895582879304e-02
1.675345435250518711e-01 7.179149636970683090e-02
1.675345435250518711e-01 8.163107484832532457e-02
1.675345435250518711e-01 9.147065332694381823e-02
1.675345435250518711e-01 1.013102318055618678e-01
1.675345435250518711e-01 1.111498102841805835e-01
1.675345435250518711e-01 1.209893887627988551e-01
1.675345435250518711e-01 1.308289672414173488e-01
1.675345435250518711e-01 1.406685457200356204e-01
1.675345435250518711e-01 1.505081241986541141e-01
1.675345435250518711e-01 1.603477026772726077e-01
1.675345435250518711e-01 1.701872811558908793e-01
1.675345435250518711e-01 1.800268596345093730e-01
1.675345435250518711e-01 1.898664381131278667e-01
1.675345435250518711e-01 1.997060165917461383e-01
1.675345435250518711e-01 2.095455950703646320e-01
1.675345435250518711e-01 2.193851735489829036e-01
1.675345435250518711e-01 2.292247520276013972e-01
1.675345435250518711e-01 2.390643305062198909e-01
1.675345435250518711e-01 2.489039089848381625e-01
1.675345435250518711e-01 2.587434874634564341e-01
1.675345435250518711e-01 2.695670237899367994e-01
1.675345435250518711e-01 2.794066022685550710e-01
1.675345435250518711e-01 2.892461807471735646e-01
1.675345435250518711e-01 2.990857592257920583e-01
1.675345435250518711e-01 3.089253377044105520e-01
1.675345435250518711e-01 3.187649161830288236e-01
1.675345435250518711e-01 3.286044946616473172e-01
1.675345435250518711e-01 3.384440731402655889e-01
1.675345435250518711e-01 3.482836516188840825e-01
1.675345435250518711e-01 3.581232300975025762e-01
1.675345435250518711e-01 3.679628085761208478e-01
1.675345435250518711e-01 3.778023870547393415e-01
1.675345435250518711e-01 3.876419655333576131e-01
1.675345435250518711e-01 3.974815440119761067e-01
1.675345435250518711e-01 4.073211224905943784e-01
1.675345435250518711e-01 4.171607009692130941e-01
1.675345435250518711e-01 4.270002794478313657e-01
1.675345435250518711e-01 4.368398579264496373e-01
1.675345435250518711e-01 4.466794364050681310e-01
1.675345435250518711e-01 4.565190148836866246e-01
1.675345435250518711e-01 4.663585933623051183e-01
1.675345435250518711e-01 4.761981718409233899e-01
1.675345435250518711e-01 4.860377503195416615e-01
1.675345435250518711e-01 4.958773287981601552e-01
1.675345435250518711e-01 5.057169072767786488e-01
1.675345435250518711e-01 5.155564857553971425e-01
1.675345435250518711e-01 5.253960642340154141e-01
1.675345435250518711e-01 5.352356427126339078e-01
1.675345435250518711e-01 5.450752211912521794e-01
1.675345435250518711e-01 5.549147996698706731e-01
1.675345435250518711e-01 5.647543781484891667e-01
1.675345435250518711e-01 5.755779144749690879e-01
1.675345435250518711e-01 5.854174929535875815e-01
1.675345435250518711e-01 5.952570714322062972e-01
1.675345435250518711e-01 6.050966499108245689e-01
1.675345435250518711e-01 6.149362283894428405e-01
1.675345435250518711e-01 6.247758068680611121e-01
1.675345435250518711e-01 6.346153853466798278e-01
1.675345435250518711e-01 6.444549638252980994e-01
1.675345435250518711e-01 6.542945423039165931e-01
1.675345435250518711e-01 6.641341207825348647e-01
1.675345435250518711e-01 6.739736992611531363e-01
1.675345435250518711e-01 6.838132777397718520e-01
1.675345435250518711e-01 6.936528562183901236e-01
1.675345435250518711e-01 7.034924346970083953e-01
1.675345435250518711e-01 7.133320131756268889e-01
1.675345435250518711e-01 7.231715916542453826e-01
1.675345435250518711e-01 7.330111701328638762e-01
1.675345435250518711e-01 7.428507486114821479e-01
1.675345435250518711e-01 7.526903270901004195e-01
1.675345435250518711e-01 7.625299055687191352e-01
1.675345435250518711e-01 7.723694840473374068e-01
1.675345435250518711e-01 7.822090625259559005e-01
1.675345435250518711e-01 7.920486410045739500e-01
1.675345435250518711e-01 8.018882194831926657e-01
1.675345435250518711e-01 8.117277979618111594e-01
1.675345435250518711e-01 8.215673764404294310e-01
1.675345435250518711e-01 8.314069549190479247e-01
1.675345435250518711e-01 8.412465333976661963e-01
1.675345435250518711e-01 8.510861118762846900e-01
1.675792351898340304e-01 8.610050189260010089e-01
1.679923355468942447e-01 8.729540960111707992e-01
1.687437591663369374e-01 8.823690981879248607e-01
1.698534905597571254e-01 8.904056530981327988e-01
1.714456472117567021e-01 8.972184836195229440e-01
1.743015642701191137e-01 9.056819277569601034e-01
1.783012549049884377e-01 9.150856884127374080e-01
1.826858425626604054e-01 9.239723559515986562e-01
1.868801711275916988e-01 9.305263935792871255e-01
1.921276045770839991e-01 9.365083163162135627e-01
1.984282230933290814e-01 9.419182229715370447e-01
2.057821068585183877e-01 9.467562123544113195e-01
2.141893360548432490e-01 9.510223832739914673e-01
2.216161137852782348e-01 9.540020948733936024e-01
2.281351034829474100e-01 9.561430216367674539e-01
2.350586873313725844e-01 9.580164263962387405e-01
2.423868653305538690e-01 9.596222822999866953e-01
2.501196374804910416e-01 9.609605624961903292e-01
2.582570037811842689e-01 9.620312401330297636e-01
2.667989642326334399e-01 9.628342883586835654e-01
2.757455188348386099e-01 9.633696803213318560e-01
2.850966675877998346e-01 9.636373891691532023e-01
2.899239647708139467e-01 9.676738103007804792e-01
2.899239647708139467e-01 9.776812009682074311e-01
2.899239647708139467e-01 9.876885916356348272e-01
2.899239647708139467e-01 9.976959823030620012e-01
2.899239647708139467e-01 1.007703372970488953e+00
2.786898857655333295e-01 1.008318602604751479e+00
2.653042440679332925e-01 1.007862227467771543e+00
2.526485546581121455e-01 1.007434198612590315e+00
2.407228175360699995e-01 1.007034516039209571e+00
2.284476015942082938e-01 1.006627605163971317e+00
2.180547642765016669e-01 1.006287449782370391e+00
2.083918792465740411e-01 1.005975640682570393e+00
1.994589465044251386e-01 1.005692177864569548e+00
1.912559660500552372e-01 1.005437061328369630e+00
1.837829378834641147e-01 1.005210291073969309e+00
1.770398620046519378e-01 1.005011867101369472e+00
1.710267384136185953e-01 1.004841789410569675e+00
1.657435671103640873e-01 1.004700058001569030e+00
1.611903480948884693e-01 1.004586672874369313e+00
1.573670813671917412e-01 1.004501634028969193e+00
1.542737669272738477e-01 1.004444941465369112e+00
1.519104047751348441e-01 1.004416595183569072e+00
1.502906956872359645e-01 1.004415319600887813e+00
1.480003291415857292e-01 1.004440831254508559e+00
1.449800114920266614e-01 1.004494689189928014e+00
1.412297435841803894e-01 1.004576893407148397e+00
1.367495262636680420e-01 1.004687443906168376e+00
1.315393603761113583e-01 1.004826340686988395e+00
1.255992467671318003e-01 1.004993583749608455e+00
1.189291862823505519e-01 1.005189173094028110e+00
1.115291797673894636e-01 1.005413108720248694e+00
1.033992280678697750e-01 1.005665390628269318e+00
9.453933202941294800e-02 1.005946018818089094e+00
8.494949249764055521e-02 1.006254993289708910e+00
7.462971031817400291e-02 1.006592314043130099e+00
6.357998633663475285e-02 1.006957981078349995e+00
5.180032139864426677e-02 1.007351994395370820e+00
3.929071634982397865e-02 1.007774353994190797e+00
2.605117203579546126e-02 1.008225059874811258e+00
1.208168930218006532e-02 1.008704112037231759e+00