8.124615817767917303e-01 5.424574209245691669e-02
8.139310825533954130e-01 5.424574209245691669e-02
8.155638611940667637e-01 5.424574209245691669e-02
8.171966398347374483e-01 5.424574209245691669e-02
8.188294184754087990e-01 5.424574209245691669e-02
8.204621971160794835e-01 5.424574209245691669e-02
8.220949757567503902e-01 5.424574209245691669e-02
8.237277543974215188e-01 5.424574209245691669e-02
8.253605330380924254e-01 5.424574209245691669e-02
8.269933116787633320e-01 5.424574209245691669e-02
8.286260903194346827e-01 5.424574209245691669e-02
8.302588689601053673e-01 5.424574209245691669e-02
8.318916476007764960e-01 5.424574209245691669e-02
8.335244262414474026e-01 5.424574209245691669e-02
8.351572048821180871e-01 5.424574209245691669e-02
8.367899835227894378e-01 5.424574209245691669e-02
8.384227621634603445e-01 5.424574209245691669e-02
8.400555408041312511e-01 5.424574209245691669e-02
8.416883194448026018e-01 5.424574209245691669e-02
8.433210980854732863e-01 5.424574209245691669e-02
8.449538767261444150e-01 5.424574209245691669e-02
8.465866553668153216e-01 5.424574209245691669e-02
8.482194340074862282e-01 5.424574209245691669e-02
8.498522126481573569e-01 5.424574209245691669e-02
8.514849912888282635e-01 5.424574209245691669e-02
8.531177699294991701e-01 5.424574209245691669e-02
8.547505485701702987e-01 5.424574209245691669e-02
8.563833272108412054e-01 5.424574209245691669e-02
8.580161058515123340e-01 5.424574209245691669e-02
8.596488844921832406e-01 5.424574209245691669e-02
8.612816631328539252e-01 5.424574209245691669e-02
8.629144417735252759e-01 5.424574209245691669e-02
8.645472204141961825e-01 5.424574209245691669e-02
8.661799990548670891e-01 5.424574209245691669e-02
8.678127776955377737e-01 5.424574209245691669e-02
8.694455563362091244e-01 5.424574209245691669e-02
8.710783349768798089e-01 5.424574209245691669e-02
8.727111136175511596e-01 5.424574209245691669e-02
8.743438922582218442e-01 5.424574209245691669e-02
8.759766708988931949e-01 5.424574209245691669e-02
8.776094495395638795e-01 5.424574209245691669e-02
8.792422281802350081e-01 5.424574209245691669e-02
8.808750068209056927e-01 5.424574209245691669e-02
8.825077854615770434e-01 5.424574209245691669e-02
8.841405641022477280e-01 5.424574209245691669e-02
8.857733427429190787e-01 5.424574209245691669e-02
8.874061213835897632e-01 5.424574209245691669e-02
8.890389000242611139e-01 5.424574209245691669e-02
8.906716786649317985e-01 5.424574209245691669e-02
8.923044573056029272e-01 5.424574209245691669e-02
8.939372359462736117e-01 5.424574209245691669e-02
8.955700145869447404e-01 5.424574209245691669e-02
8.972027932276156470e-01 5.424574209245691669e-02
8.988355718682867757e-01 5.424574209245691669e-02
9.004683505089576823e-01 5.424574209245691669e-02
9.021011291496285889e-01 5.424574209245691669e-02
9.037339077902997175e-01 5.424574209245691669e-02
9.053666864309704021e-01 5.424574209245691669e-02
9.069994650716415308e-01 5.424574209245691669e-02
9.086322437123126594e-01 5.424574209245691669e-02
9.102650223529835660e-01 5.424574209245691669e-02
9.118978009936546947e-01 5.424574209245691669e-02
9.135305796343256013e-01 5.424574209245691669e-02
9.151633582749965079e-01 5.424574209245691669e-02
9.167961369156676366e-01 5.424574209245691669e-02
9.184289155563385432e-01 5.424574209245691669e-02
9.200616941970094498e-01 5.424574209245691669e-02
9.216944728376805784e-01 5.424574209245691669e-02
9.233272514783514850e-01 5.424574209245691669e-02
9.249600301190226137e-01 5.424574209245691669e-02
9.265928087596935203e-01 5.424574209245691669e-02
9.282255874003644269e-01 5.424574209245691669e-02
9.287725895593694769e-01 5.490151936737230898e-02
9.273676198090858858e-01 5.708949458592038617e-02
9.260190668086070165e-01 5.928014452693575187e-02
9.247257744769936672e-01 6.147284230233895919e-02
9.234865867333064138e-01 6.366696102405278168e-02
9.221845912317070404e-01 6.608138462000567870e-02
9.210552600792123457e-01 6.827644680827726908e-02
9.199764496637348188e-01 7.047098658981698627e-02
9.189470039043361460e-01 7.266437707654671563e-02
9.179657667200780136e-01 7.485599138038878664e-02
9.170315820300209975e-01 7.704520261326441855e-02
9.161432937532267839e-01 7.923138388709505264e-02
9.152997458087568372e-01 8.141390831380346249e-02
9.144997821156730655e-01 8.359214900531086734e-02
9.137422465930353788e-01 8.576547907353959665e-02
9.130259831599076836e-01 8.793327163041131378e-02
9.123498357353487798e-01 9.009489978784701592e-02
9.117126482384214636e-01 9.224973665776969867e-02
9.111132645881869774e-01 9.439715535210102537e-02
9.105505287037056750e-01 9.653652898276199323e-02
9.100232845040405749e-01 9.866723066167537581e-02
9.095303759082518091e-01 1.007886335007626144e-01
9.090706468354017300e-01 1.029001106119453723e-01
9.086429412045515797e-01 1.050010351071459791e-01
9.082461029347608239e-01 1.070907800982856539e-01
9.078789759450940355e-01 1.091687186972869483e-01
9.075404041546100142e-01 1.112342240160708595e-01
9.072292314823715564e-01 1.132866691665599390e-01
9.069443018474390161e-01 1.153254272606758501e-01
9.066844591688756338e-01 1.173498714103398122e-01
9.064485473657404313e-01 1.193593747274745986e-01
9.062354103570962049e-01 1.213533103240014288e-01
9.060438920620039749e-01 1.233310513118424101e-01
9.058728363995252053e-01 1.252919708029192059e-01
9.057210872887215825e-01 1.272354419091537014e-01
9.055874886486536823e-01 1.291608377424677823e-01
9.054708843983838573e-01 1.310675314147833337e-01
9.053701184569726834e-01 1.329548960380220191e-01
9.052840347434820689e-01 1.348223047241059458e-01
9.052114771769732560e-01 1.366691305849565552e-01
9.051512896765072647e-01 1.384947467324959547e-01
9.051023161611457812e-01 1.402985262786458076e-01
9.050634005499509360e-01 1.420798423353282214e-01
9.050333867619828609e-01 1.438380680144650814e-01
9.050111187163036863e-01 1.455725764279778289e-01
9.049954403319748764e-01 1.472827406877883494e-01
9.049851955280567850e-01 1.489679339058187502e-01
9.049792282236119867e-01 1.506275291939904726e-01
9.049763823377015015e-01 1.522608996642258461e-01
9.049755017893865716e-01 1.538674184284463120e-01
9.049754357000929783e-01 1.554083192177824202e-01
9.049754357000929783e-01 1.575715698079145355e-01
9.049754357000929783e-01 1.597348203980466508e-01
9.049754357000929783e-01 1.618980709881787661e-01
9.049754357000929783e-01 1.640613215783108814e-01
9.049754357000929783e-01 1.662245721684427746e-01
9.049754357000929783e-01 1.683878227585746679e-01
9.049754357000929783e-01 1.705510733487067832e-01
9.049754357000929783e-01 1.727143239388388984e-01
9.049754357000929783e-01 1.748775745289710137e-01
9.049754357000929783e-01 1.770408251191029070e-01
9.049754357000929783e-01 1.792040757092350223e-01
9.049754357000929783e-01 1.813673262993669155e-01
9.049754357000929783e-01 1.835305768894990308e-01
9.049754357000925342e-01 1.856938274796309241e-01
9.049754357000929783e-01 1.878570780697628173e-01
9.049754357000929783e-01 1.900203286598951546e-01
9.049754357000929783e-01 1.921835792500270479e-01
9.049754357000929783e-01 1.943468298401593852e-01
9.049754357000929783e-01 1.965100804302912785e-01
9.049754357000929783e-01 1.986733310204233938e-01
9.049754357000929783e-01 2.008365816105555091e-01
9.049754357000929783e-01 2.029998322006874023e-01
9.049754357000929783e-01 2.051630827908192956e-01
9.049754357000929783e-01 2.073263333809516329e-01
9.049754357000929783e-01 2.094895839710835261e-01
9.049754357000929783e-01 2.116528345612156414e-01
9.049754357000929783e-01 2.138160851513475347e-01
9.049754357000929783e-01 2.159793357414794279e-01
9.049754357000929783e-01 2.181425863316115432e-01
9.049754357000929783e-01 2.203058369217436585e-01
9.049754357000925342e-01 2.224690875118755518e-01
9.049754357000929783e-01 2.248486631610209230e-01
9.049754357000929783e-01 2.270119137511530383e-01
9.049754357000929783e-01 2.291751643412849315e-01
9.049754357000929783e-01 2.313384149314170468e-01
9.049754357000929783e-01 2.335016655215489401e-01
9.049754357000925342e-01 2.356649161116810554e-01
9.049754357000929783e-01 2.378281667018133927e-01
9.049754357000932004e-01 2.399914172919450639e-01
9.049754357000929783e-01 2.421546678820774012e-01
9.049754357000929783e-01 2.443179184722095165e-01
9.049754357000929783e-01 2.464811690623414098e-01
9.049754357000929783e-01 2.486444196524735251e-01
9.049754357000929783e-01 2.508076702426054183e-01
9.049754357000929783e-01 2.529709208327375336e-01
9.049754357000929783e-01 2.551341714228696489e-01
9.049754357000929783e-01 2.572974220130015421e-01
9.049754357000929783e-01 2.594606726031336574e-01
9.049754357000929783e-01 2.616239231932655507e-01
9.049754357000929783e-01 2.637871737833976660e-01
9.049754357000929783e-01 2.659504243735297813e-01
9.049754357000929783e-01 2.681136749636616745e-01
9.049754357000929783e-01 2.702769255537935678e-01
9.049754357000925342e-01 2.724401761439259051e-01
9.049754357000929783e-01 2.746034267340580204e-01
9.049754357000929783e-01 2.767666773241899136e-01
9.049754357000929783e-01 2.789299279143218069e-01
9.049754357000929783e-01 2.810931785044541442e-01
9.049754357000925342e-01 2.832564290945860375e-01
9.049754357000929783e-01 2.854196796847179307e-01
9.049754357000932004e-01 2.875829302748500460e-01
9.049754357000929783e-01 2.897461808649819393e-01
9.049754357000929783e-01 2.919094314551142766e-01
9.049754357000929783e-01 2.940726820452461698e-01
9.049754357000929783e-01 2.962359326353782851e-01
9.049754357000929783e-01 2.983991832255101784e-01
9.049754357000929783e-01 3.005624338156422937e-01
9.049754357000929783e-01 3.027256844057744090e-01
9.049754357000929783e-01 3.048889349959063022e-01
9.049754357000929783e-01 3.070521855860384175e-01
9.049754357000929783e-01 3.092154361761705328e-01
9.049754357000929783e-01 3.113786867663026481e-01
9.049754357000929783e-01 3.135419373564345413e-01
9.049754357000929783e-01 3.157051879465664346e-01
9.049754357000929783e-01 3.178684385366987719e-01
9.049754357000929783e-01 3.200316891268308872e-01
9.049754357000929783e-01 3.221949397169627805e-01
9.049754357000929783e-01 3.243581903070946737e-01
9.049754357000929783e-01 3.265214408972267890e-01
9.049754357000929783e-01 3.286846914873589043e-01
9.049754357000929783e-01 3.308479420774907975e-01
9.049754357000929783e-01 3.330111926676229128e-01
9.049754357000929783e-01 3.351744432577548061e-01
9.049754357000929783e-01 3.373376938478869214e-01
9.049754357000929783e-01 3.395009444380190367e-01
9.049754357000929783e-01 3.416641950281509299e-01
9.049754357000929783e-01 3.438274456182828231e-01
9.049754357000929783e-01 3.459906962084151605e-01
9.049754357000929783e-01 3.481539467985472758e-01
9.049754357000929783e-01 3.503171973886793911e-01
9.049754357000929783e-01 3.524804479788112843e-01
9.049754357000929783e-01 3.546436985689433996e-01
9.049754357000929783e-01 3.568069491590755149e-01
9.049754357000929783e-01 3.589701997492071861e-01
9.049754357000929783e-01 3.611334503393393014e-01
9.049754357000929783e-01 3.632967009294714167e-01
9.049754357000929783e-01 3.654599515196035320e-01
9.049754357000929783e-01 3.676232021097354252e-01
9.049754357000929783e-01 3.697864526998675405e-01
9.049754357000929783e-01 3.719497032899994338e-01
9.049754357000929783e-01 3.741129538801315491e-01
9.049754357000929783e-01 3.762762044702636643e-01
9.049754357000929783e-01 3.784394550603957796e-01
9.049754357000929783e-01 3.806027056505276729e-01
9.049754357000929783e-01 3.827659562406597882e-01
9.049754357000929783e-01 3.849292068307919035e-01
9.049754357000929783e-01 3.870924574209240188e-01
9.049754357000929783e-01 3.892557080110559120e-01
9.049754357000929783e-01 3.916352836602012832e-01
9.049754357000929783e-01 3.937985342503333985e-01
9.049754357000929783e-01 3.959617848404650697e-01
9.049754357000929783e-01 3.981250354305971850e-01
9.049754357000929783e-01 4.002882860207293003e-01
9.049754357000929783e-01 4.024515366108614156e-01
9.049754357000929783e-01 4.046147872009935309e-01
9.049754357000929783e-01 4.067780377911254241e-01
9.049754357000929783e-01 4.089412883812575394e-01
9.049754357000929783e-01 4.111045389713894327e-01
9.049754357000929783e-01 4.132677895615215480e-01
9.049754357000929783e-01 4.154310401516536633e-01
9.049754357000929783e-01 4.175942907417853345e-01
9.049754357000929783e-01 4.197575413319176718e-01
9.049754357000929783e-01 4.219207919220497871e-01
9.049754357000929783e-01 4.240840425121816804e-01
9.049754357000929783e-01 4.262472931023137956e-01
9.049754357000929783e-01 4.284105436924459109e-01
9.049754357000929783e-01 4.305737942825780262e-01
9.049754357000929783e-01 4.327370448727099195e-01
9.049754357000929783e-01 4.349002954628418127e-01
9.049754357000929783e-01 4.370635460529739280e-01
9.049754357000929783e-01 4.392267966431062653e-01
9.049754357000929783e-01 4.413900472332379366e-01
9.049754357000929783e-01 4.435532978233700518e-01
9.049754357000929783e-01 4.457165484135021671e-01
9.049754357000929783e-01 4.478797990036340604e-01
9.049754357000929783e-01 4.500430495937661757e-01
9.049754357000929783e-01 4.522063001838982910e-01
9.049754357000929783e-01 4.543695507740301842e-01
9.049754357000929783e-01 4.565328013641622995e-01
9.049754357000929783e-01 4.586960519542944148e-01
9.049754357000929783e-01 4.608593025444265301e-01
9.049754357000929783e-01 4.630225531345584233e-01
9.049754357000929783e-01 4.651858037246903166e-01
9.049754357000929783e-01 4.673490543148226539e-01
9.049754357000929783e-01 4.695123049049545472e-01
9.049754357000929783e-01 4.716755554950866625e-01
9.049754357000929783e-01 4.738388060852185557e-01
9.049754357000929783e-01 4.760020566753506710e-01
9.049754357000929783e-01 4.781653072654827863e-01
9.049754357000929783e-01 4.803285578556146795e-01
9.049754357000929783e-01 4.824918084457467948e-01
9.049754357000929783e-01 4.846550590358786881e-01
9.049754357000929783e-01 4.868183096260108034e-01
9.049754357000929783e-01 4.889815602161429187e-01
9.049754357000929783e-01 4.911448108062748119e-01
9.049754357000929783e-01 4.933080613964069272e-01
9.049754357000929783e-01 4.954713119865390425e-01
9.049754357000929783e-01 4.976345625766711578e-01
9.049754357000929783e-01 4.997978131668032731e-01
9.049754357000929783e-01 5.019610637569349443e-01
9.049754357000929783e-01 5.041243143470672816e-01
9.049754357000929783e-01 5.062875649371993969e-01
9.049754357000929783e-01 5.084508155273310681e-01
9.049754357000929783e-01 5.106140661174631834e-01
9.049754357000929783e-01 5.127773167075955207e-01
9.049754357000929783e-01 5.149405672977274140e-01
9.049754357000929783e-01 5.171038178878593072e-01
9.049754357000929783e-01 5.192670684779914225e-01
9.049754357000929783e-01 5.214303190681237599e-01
9.049754357000929783e-01 5.235935696582554311e-01
9.049754357000929783e-01 5.257568202483875464e-01
9.049754357000929783e-01 5.279200708385194396e-01
9.049754357000929783e-01 5.300833214286515549e-01
9.049754357000929783e-01 5.322465720187838922e-01
9.049754357000929783e-01 5.344098226089157855e-01
9.049754357000929783e-01 5.365730731990476787e-01
9.049754357000929783e-01 5.387363237891795720e-01
9.049754357000929783e-01 5.408995743793119093e-01
9.049754357000929783e-01 5.430628249694440246e-01
9.049754357000929783e-01 5.452260755595759179e-01
9.049754357000929783e-01 5.473893261497078111e-01
9.049754357000929783e-01 5.495525767398401484e-01
9.049754357000929783e-01 5.517158273299720417e-01
9.049754357000929783e-01 5.538790779201041570e-01
9.049754357000929783e-01 5.560423285102360502e-01
9.049754357000929783e-01 5.584219041593814215e-01
9.049754357000929783e-01 5.605851547495133147e-01
9.049754357000929783e-01 5.627484053396454300e-01
9.049754357000929783e-01 5.649116559297773232e-01
9.049754357000929783e-01 5.670749065199096606e-01
9.049754357000929783e-01 5.692381571100415538e-01
9.049754357000929783e-01 5.714014077001736691e-01
9.049754357000929783e-01 5.735646582903055624e-01
9.049754357000929783e-01 5.757279088804374556e-01
9.049754357000929783e-01 5.778911594705697929e-01
9.049754357000929783e-01 5.800544100607019082e-01
9.049754357000929783e-01 5.822176606508338015e-01
9.049754357000929783e-01 5.843809112409656947e-01
9.049754357000929783e-01 5.865441618310978100e-01
9.049754357000929783e-01 5.887074124212297033e-01
9.049754357000929783e-01 5.908706630113620406e-01
9.049754357000929783e-01 5.930339136014939339e-01
9.049754357000929783e-01 5.951971641916260491e-01
9.049754357000929783e-01 5.973604147817579424e-01
9.049754357000929783e-01 5.995236653718900577e-01
9.049754357000929783e-01 6.016869159620221730e-01
9.049754357000929783e-01 6.038501665521542883e-01
9.049754357000929783e-01 6.060134171422861815e-01
9.049754357000929783e-01 6.081766677324182968e-01
9.049754357000929783e-01 6.103399183225501901e-01
9.049754357000929783e-01 6.125031689126823053e-01
9.049754357000929783e-01 6.146664195028144206e-01
9.049754357000929783e-01 6.168296700929463139e-01
9.049754357000929783e-01 6.189929206830782071e-01
9.049754357000929783e-01 6.211561712732103224e-01
9.049754357000929783e-01 6.233194218633424377e-01
9.049754357000929783e-01 6.254826724534747751e-01
9.049754357000929783e-01 6.276459230436066683e-01
9.049754357000929783e-01 6.298091736337385615e-01
9.049754357000929783e-01 6.319724242238706768e-01
9.049754357000929783e-01 6.341356748140025701e-01
9.049754357000929783e-01 6.362989254041346854e-01
9.049754357000929783e-01 6.384621759942668007e-01
9.049754357000929783e-01 6.406254265843986939e-01
9.049754357000929783e-01 6.427886771745308092e-01
9.049754357000929783e-01 6.449519277646629245e-01
9.049754357000929783e-01 6.471151783547950398e-01
9.049754357000929783e-01 6.492784289449269330e-01
9.049754357000929783e-01 6.514416795350590483e-01
9.049754357000929783e-01 6.536049301251909416e-01
9.049754357000929783e-01 6.557681807153230569e-01
9.049754357000929783e-01 6.579314313054549501e-01
9.049754357000929783e-01 6.600946818955872875e-01
9.049754357000929783e-01 6.622579324857194027e-01
9.049754357000929783e-01 6.644211830758512960e-01
9.049754357000929783e-01 6.665844336659831892e-01
9.049754357000929783e-01 6.687476842561153045e-01
9.049754357000929783e-01 6.709109348462474198e-01
9.049754357000929783e-01 6.730741854363793131e-01
9.049754357000929783e-01 6.752374360265114284e-01
9.049754357000929783e-01 6.774006866166433216e-01
9.049754357000929783e-01 6.795639372067754369e-01
9.049754357000929783e-01 6.817271877969077742e-01
9.049754357000929783e-01 6.838904383870396675e-01
9.049754357000929783e-01 6.860536889771715607e-01
9.049754357000929783e-01 6.882169395673036760e-01
9.049754357000929783e-01 6.903801901574357913e-01
9.049754357000929783e-01 6.925434407475679066e-01
9.049754357000929783e-01 6.947066913376997999e-01
9.049754357000929783e-01 6.968699419278319152e-01
9.049754357000929783e-01 6.990331925179640304e-01
9.049754357000929783e-01 7.011964431080957016e-01
9.049754357000929783e-01 7.033596936982278169e-01
9.049754357000929783e-01 7.055229442883601543e-01
9.049754357000929783e-01 7.076861948784920475e-01
9.049754357000929783e-01 7.098494454686239408e-01
9.049754357000929783e-01 7.120126960587560561e-01
9.049754357000929783e-01 7.141759466488879493e-01
9.049754357000929783e-01 7.163391972390202866e-01
9.049754357000929783e-01 7.185024478291521799e-01
9.049754357000929783e-01 7.206656984192842952e-01
9.049754357000929783e-01 7.228289490094161884e-01
9.049754357000929783e-01 7.252085246585615597e-01
9.049754357000929783e-01 7.273717752486934529e-01
9.049754357000929783e-01 7.295350258388257902e-01
9.049754357000929783e-01 7.316982764289574614e-01
9.049754357000929783e-01 7.338615270190897988e-01
9.049754357000929783e-01 7.360247776092216920e-01
9.049754357000929783e-01 7.381880281993535853e-01
9.049754357000929783e-01 7.403512787894859226e-01
9.049754357000929783e-01 7.425145293796180379e-01
9.049754357000929783e-01 7.446777799697499312e-01
9.049754357000929783e-01 7.468410305598818244e-01
9.049754357000929783e-01 7.490042811500137176e-01
9.049754357000929783e-01 7.511675317401460550e-01
9.049754357000929783e-01 7.533307823302781703e-01
9.049754357000929783e-01 7.554940329204100635e-01
9.049754357000929783e-01 7.576572835105421788e-01
9.049754357000929783e-01 7.598205341006740721e-01
9.049754357000929783e-01 7.619837846908061874e-01
9.049754357000929783e-01 7.641470352809383026e-01
9.049754357000929783e-01 7.663102858710701959e-01
9.049754357000929783e-01 7.684735364612020891e-01
9.049754357000929783e-01 7.706367870513344265e-01
9.049754357000929783e-01 7.728000376414663197e-01
9.049754357000929783e-01 7.749632882315984350e-01
9.049754357000929783e-01 7.771265388217305503e-01
9.049754357000929783e-01 7.792897894118626656e-01
9.049754357000929783e-01 7.814530400019945588e-01
9.049754357000929783e-01 7.836162905921264521e-01
9.049754357000929783e-01 7.857795411822585674e-01
9.049754357000929783e-01 7.879427917723906827e-01
9.049754357000929783e-01 7.901060423625227980e-01
9.049754357000929783e-01 7.922692929526546912e-01
9.049754357000929783e-01 7.944325435427868065e-01
9.049754357000929783e-01 7.965957941329189218e-01
9.049754357000929783e-01 7.987590447230510371e-01
9.049754357000929783e-01 8.009222953131829303e-01
9.049754357000929783e-01 8.030855459033148236e-01
9.049754357000929783e-01 8.052487964934467168e-01
9.049754357000929783e-01 8.074120470835790542e-01
9.049754357000929783e-01 8.095752976737111695e-01
9.049754357000929783e-01 8.117385482638430627e-01
9.049754357000929783e-01 8.139017988539751780e-01
9.049754357000929783e-01 8.160650494441070713e-01
9.049754357000929783e-01 8.182283000342391865e-01
9.049754357000929783e-01 8.203915506243713018e-01
9.049754357000929783e-01 8.225548012145031951e-01
9.049754357000929783e-01 8.247180518046353104e-01
9.049754357000929783e-01 8.268813023947674257e-01
9.049754357000929783e-01 8.290445529848993189e-01
9.049754357000929783e-01 8.312078035750316563e-01
9.049754357000929783e-01 8.333710541651633275e-01
9.049754357000929783e-01 8.355343047552956648e-01
9.049754357000929783e-01 8.376975553454275580e-01
9.049754357000929783e-01 8.398608059355594513e-01
9.049754357000929783e-01 8.420240565256915666e-01
9.049754357000929783e-01 8.441873071158239039e-01
9.049754357000929783e-01 8.463505577059557972e-01
9.049754357000929783e-01 8.485138082960876904e-01
9.049754357000929783e-01 8.506770588862195837e-01
9.049754784384147488e-01 8.522694549665532637e-01
9.049762461453063622e-01 8.538635307365125549e-01
9.049789133331669344e-01 8.554842073449306916e-01
9.049846671776036189e-01 8.571308690316574719e-01
9.049946948542200165e-01 8.588029000365438037e-01
9.050101835386223925e-01 8.604996845994399290e-01
9.050323204064183447e-01 8.622206069601969780e-01
9.050622926332116958e-01 8.639650513586647484e-01
9.051012873946087112e-01 8.657324020346934823e-01
9.051504918662156562e-01 8.675220432281345317e-01
9.052110932236383523e-01 8.693333591788388048e-01
9.052842786424815102e-01 8.711657341266552113e-01
9.053712352983516176e-01 8.730185523114344370e-01
9.054731503668538295e-01 8.748911979730287225e-01
9.055912110235946333e-01 8.767830553512865333e-01
9.057266044441798503e-01 8.786935086860596655e-01
9.058805178042148576e-01 8.806219422171981392e-01
9.060541382793045884e-01 8.825677401845521963e-01
9.062692994138790148e-01 8.847274389627328706e-01
9.064881690871837705e-01 8.867076979468548892e-01
9.067304261199209403e-01 8.887034125107280413e-01
9.069972576876972337e-01 8.907139668942043453e-01
9.072898509661191380e-01 8.927387453371347092e-01
9.076093931307913643e-01 8.947771320793687089e-01
9.079570713573203999e-01 8.968285113607570302e-01
9.083340728213125104e-01 8.988922674211508035e-01
9.087415846983715184e-01 9.009677845003998264e-01
9.091807941641045776e-01 9.030544468383547851e-01
9.096528883941172872e-01 9.051516386748661436e-01
9.101590545640154684e-01 9.072587442497843657e-01
9.107004798494049425e-01 9.093751478029603597e-01
9.112783514258908646e-01 9.115002335742439232e-01
9.118938564690795001e-01 9.136333858034864086e-01
9.125481821545766703e-01 9.157739887305376136e-01
9.132425156579877523e-01 9.179214265952480023e-01
9.139780441549185674e-01 9.200750836374687047e-01
9.147559548209753810e-01 9.222343440970497408e-01
9.155774348317640143e-01 9.243985922138417965e-01
9.164436713628889564e-01 9.265672122276953360e-01
9.173558515899571386e-01 9.287395883784606010e-01
9.183151626885739383e-01 9.309151049059882777e-01
9.193227918343453986e-01 9.330931460501290520e-01
9.203799262028773409e-01 9.352730960507336100e-01
9.214877529697749203e-01 9.374543391476517495e-01
9.226474593106441802e-01 9.396362595807343787e-01
9.238602324010909417e-01 9.418182415898317394e-01
9.251272594167212482e-01 9.439996694147949619e-01
9.264497275331402548e-01 9.461799272954740658e-01
9.278288239259537828e-01 9.483583994717195154e-01
9.292657357707685417e-01 9.505344701833817744e-01
9.299800011447159065e-01 9.520559610705585651e-01
9.283469569252158493e-01 9.520559610705585651e-01
9.267139127057155701e-01 9.520559610705585651e-01
9.250808684862159570e-01 9.520559610705585651e-01
9.234478242667158998e-01 9.520559610705585651e-01
9.218147800472160647e-01 9.520559610705585651e-01
9.201817358277160075e-01 9.520559610705585651e-01
9.185486916082159503e-01 9.520559610705585651e-01
9.169156473887158931e-01 9.520559610705585651e-01
9.152826031692158359e-01 9.520559610705585651e-01
9.136495589497157788e-01 9.520559610705585651e-01
9.120165147302161657e-01 9.520559610705585651e-01
9.103834705107158864e-01 9.520559610705585651e-01
9.087504262912162734e-01 9.520559610705585651e-01
9.071173820717162162e-01 9.520559610705585651e-01
9.054843378522161590e-01 9.520559610705585651e-01
9.038512936327163239e-01 9.520559610705585651e-01
9.022182494132160446e-01 9.520559610705585651e-01
9.005852051937159874e-01 9.520559610705585651e-01
8.989521609742161523e-01 9.520559610705585651e-01
8.973191167547160951e-01 9.520559610705585651e-01
8.956860725352162600e-01 9.520559610705585651e-01
8.940530283157162028e-01 9.520559610705581211e-01
8.924199840962165897e-01 9.520559610705585651e-01
8.907869398767160884e-01 9.520559610705585651e-01
8.891538956572164754e-01 9.520559610705585651e-01
8.875208514377164182e-01 9.520559610705585651e-01
8.858878072182165830e-01 9.520559610705585651e-01
8.842547629987165259e-01 9.520559610705585651e-01
8.826217187792164687e-01 9.520559610705585651e-01
8.809886745597164115e-01 9.520559610705585651e-01
8.793556303402163543e-01 9.520559610705585651e-01
8.777225861207165192e-01 9.520559610705585651e-01
8.760895419012164620e-01 9.520559610705585651e-01
8.744564976817164048e-01 9.520559610705585651e-01
8.728234534622167917e-01 9.520559610705585651e-01
8.711904092427167345e-01 9.520559610705585651e-01
8.695573650232166774e-01 9.520559610705585651e-01
8.679243208037166202e-01 9.520559610705585651e-01
8.662912765842167850e-01 9.520559610705585651e-01
8.646582323647165058e-01 9.520559610705585651e-01
8.630251881452166707e-01 9.520559610705585651e-01
8.613921439257166135e-01 9.520559610705585651e-01
8.597590997062167784e-01 9.520559610705585651e-01
8.579627510647664934e-01 9.520559610705585651e-01
8.563297068452668803e-01 9.520559610705585651e-01
8.546966626257668231e-01 9.520559610705585651e-01
8.530636184062669880e-01 9.520559610705585651e-01
8.514305741867669308e-01 9.520559610705585651e-01
8.497975299672668736e-01 9.520559610705585651e-01
8.481644857477668165e-01 9.520559610705585651e-01
8.465314415282667593e-01 9.520559610705585651e-01
8.448983973087667021e-01 9.520559610705585651e-01
8.432653530892670890e-01 9.520559610705585651e-01
8.416323088697668098e-01 9.520559610705585651e-01
8.399992646502671967e-01 9.520559610705585651e-01
8.383662204307671395e-01 9.520559610705585651e-01
8.367331762112670823e-01 9.520559610705585651e-01
8.351001319917670251e-01 9.520559610705585651e-01
8.334670877722669680e-01 9.520559610705585651e-01
8.318340435527671328e-01 9.520559610705585651e-01
8.302009993332670756e-01 9.520559610705585651e-01
8.285679551137670185e-01 9.520559610705585651e-01
8.269349108942674054e-01 9.520559610705585651e-01
8.253018666747671261e-01 9.520559610705585651e-01
8.236688224552670690e-01 9.520559610705585651e-01
8.220357782357670118e-01 9.520559610705585651e-01
8.204027340162669546e-01 9.520559610705585651e-01
8.187696897967673415e-01 9.520559610705585651e-01
8.171366455772672843e-01 9.520559610705585651e-01
8.155036013577672271e-01 9.520559610705585651e-01
8.138705571382673920e-01 9.520559610705585651e-01
8.122375129187673348e-01 9.520559610705585651e-01
8.106044686992677217e-01 9.520559610705585651e-01
8.089714244797672205e-01 9.520559610705585651e-01
8.073383802602671633e-01 9.520559610705585651e-01
8.057053360407677722e-01 9.520559610705585651e-01
8.040722918212672710e-01 9.520559610705585651e-01
8.024392476017676579e-01 9.520559610705585651e-01
8.008062033822676007e-01 9.520559610705585651e-01
7.991731591627675435e-01 9.520559610705585651e-01
7.975401149432677084e-01 9.520559610705585651e-01
7.959070707237676512e-01 9.520559610705585651e-01
7.942740265042675940e-01 9.520559610705585651e-01
7.926409822847677589e-01 9.520559610705585651e-01
7.910079380652674796e-01 9.520559610705585651e-01
7.893748938457676445e-01 9.520559610705585651e-01
7.885207835121310627e-01 9.516188100725708754e-01
7.899314585218466522e-01 9.494311368051142619e-01
7.912856011736639772e-01 9.472407261263822154e-01
7.925843675485220174e-01 9.450482049244541827e-01
7.938289137273593088e-01 9.428542000874073903e-01
7.950203957911139430e-01 9.406593385033212851e-01
7.961599698207251219e-01 9.384642470602726494e-01
7.972487918971302712e-01 9.362695526463398199e-01
7.982880181012701470e-01 9.340758821496017994e-01
7.992788045140815090e-01 9.318838624581364805e-01
8.002223072165035589e-01 9.296941204600210895e-01
8.011196822894754987e-01 9.275072830433359616e-01
8.019720858139345321e-01 9.253239770961561028e-01
8.027806738708211931e-01 9.231448295065622922e-01
8.035466025410724633e-01 9.209704671626319783e-01
8.042710279056268785e-01 9.188015169524421655e-01
8.049551060454249729e-01 9.166386057640729668e-01
8.055999930414030619e-01 9.144823604856016086e-01
8.062068449745014576e-01 9.123334080051055395e-01
8.067768179256582517e-01 9.101923752106648724e-01
8.073110679758108699e-01 9.080598889903548354e-01
8.078107512058998463e-01 9.059365762322564297e-01
8.082770236968628286e-01 9.038230638244464377e-01
8.087110415296379085e-01 9.017199786550027518e-01
8.091139607851658422e-01 8.996279476120054852e-01
8.094869375443822790e-01 8.975475975835298659e-01
8.098311278882270869e-01 8.954795554576560068e-01
8.101476878976396900e-01 8.934244481224620227e-01
8.104377736535579579e-01 8.913829024660251399e-01
8.107025412369208706e-01 8.893555453764248053e-01
8.109431467286665196e-01 8.873430037417378013e-01
8.111607462097338850e-01 8.853459044500431308e-01
8.113564957610615025e-01 8.833648743894186861e-01
8.115315514635876859e-01 8.814005404479428041e-01
8.117015911236016290e-01 8.792598053208571240e-01
8.118369527871005520e-01 8.773325737502877253e-01
8.119552044527083012e-01 8.754239816519087114e-01
8.120575022013627464e-01 8.735346559137986411e-01
8.121450021140030895e-01 8.716652234240356290e-01
8.122188602715680883e-01 8.698163110706984558e-01
8.122802327549962786e-01 8.679885457418645700e-01
8.123302756452250861e-01 8.661825543256120863e-01
8.123701450231948229e-01 8.643989637100191192e-01
8.124009969698435807e-01 8.626384007831646716e-01
8.124239875661092292e-01 8.609014924331257479e-01
8.124402728929314144e-01 8.591888655479815728e-01
8.124510090312477839e-01 8.575011470158095950e-01
8.124573520619975397e-01 8.558389637246883730e-01
8.124604580661194397e-01 8.542029425626960215e-01
8.124614831245515756e-01 8.525937104179099890e-01
8.124615817767912862e-01 8.511097300491559103e-01
8.124615817767917303e-01 8.489466899081226092e-01
8.124615817767917303e-01 8.467836497670890861e-01
8.124615817767917303e-01 8.446206096260560070e-01
8.124615817767917303e-01 8.424575694850224838e-01
8.124615817767917303e-01 8.402945293439891827e-01
8.124615817767917303e-01 8.381314892029556596e-01
8.124615817767919523e-01 8.359684490619223585e-01
8.124615817767912862e-01 8.338054089208888353e-01
8.124615817767917303e-01 8.316423687798555342e-01
8.124615817767917303e-01 8.294793286388222331e-01
8.124615817767917303e-01 8.273162884977887099e-01
8.124615817767917303e-01 8.251532483567554088e-01
8.124615817767917303e-01 8.229902082157221077e-01
8.124615817767917303e-01 8.208271680746888066e-01
8.124615817767919523e-01 8.186641279336555055e-01
8.124615817767917303e-01 8.165010877926219823e-01
8.124615817767917303e-01 8.143380476515882371e-01
8.124615817767917303e-01 8.121750075105551581e-01
8.124615817767917303e-01 8.100119673695216349e-01
8.124615817767917303e-01 8.078489272284883338e-01
8.124615817767917303e-01 8.056858870874550327e-01
8.124615817767917303e-01 8.035228469464217316e-01
8.124615817767917303e-01 8.013598068053882084e-01
8.124615817767917303e-01 7.991967666643551294e-01
8.124615817767912862e-01 7.970337265233213841e-01
8.124615817767917303e-01 7.948706863822880830e-01
8.124615817767917303e-01 7.927076462412547819e-01
8.124615817767912862e-01 7.905446061002212588e-01
8.124615817767917303e-01 7.883815659591877356e-01
8.124615817767917303e-01 7.862185258181546565e-01
8.124615817767917303e-01 7.840554856771211334e-01
8.124615817767917303e-01 7.818924455360878323e-01
8.124615817767917303e-01 7.797294053950545312e-01
8.124615817767917303e-01 7.775663652540212301e-01
8.124615817767917303e-01 7.754033251129874849e-01
8.124615817767912862e-01 7.732402849719544058e-01
8.124615817767917303e-01 7.710772448309208826e-01
8.124615817767917303e-01 7.689142046898873595e-01
8.124615817767917303e-01 7.667511645488540584e-01
8.124615817767917303e-01 7.645881244078207573e-01
8.124615817767917303e-01 7.624250842667872341e-01
8.124615817767917303e-01 7.602620441257541550e-01
8.124615817767917303e-01 7.580990039847204098e-01
8.124615817767912862e-01 7.559359638436871087e-01
8.124615817767917303e-01 7.537729237026538076e-01
8.124615817767917303e-01 7.516098835616205065e-01
8.124615817767917303e-01 7.494468434205869833e-01
8.124615817767917303e-01 7.472838032795534602e-01
8.124615817767917303e-01 7.451207631385201591e-01
8.124615817767917303e-01 7.429577229974868580e-01
8.124615817767919523e-01 7.407946828564533348e-01
8.124615817767919523e-01 7.386316427154202557e-01
8.124615817767917303e-01 7.364686025743867326e-01
8.124615817767917303e-01 7.343055624333534315e-01
8.124615817767917303e-01 7.321425222923199083e-01
8.124615817767919523e-01 7.299794821512866072e-01
8.124615817767917303e-01 7.278164420102530840e-01
8.124615817767917303e-01 7.256534018692197829e-01
8.124615817767917303e-01 7.234903617281862598e-01
8.124615817767912862e-01 7.213273215871529587e-01
8.124615817767917303e-01 7.189479774320162164e-01
8.124615817767917303e-01 7.167849372909829153e-01
8.124615817767917303e-01 7.146218971499493922e-01
8.124615817767917303e-01 7.124588570089163131e-01
8.124615817767919523e-01 7.102958168678827899e-01
8.124615817767912862e-01 7.081327767268492668e-01
8.124615817767917303e-01 7.059697365858159657e-01
8.124615817767917303e-01 7.038066964447826646e-01
8.124615817767917303e-01 7.016436563037491414e-01
8.124615817767917303e-01 6.994806161627158403e-01
8.124615817767917303e-01 6.973175760216823171e-01
8.124615817767917303e-01 6.951545358806487940e-01
8.124615817767917303e-01 6.929914957396154929e-01
8.124615817767917303e-01 6.908284555985821918e-01
8.124615817767917303e-01 6.886654154575486686e-01
8.124615817767917303e-01 6.865023753165155895e-01
8.124615817767917303e-01 6.843393351754820664e-01
8.124615817767917303e-01 6.821762950344487653e-01
8.124615817767917303e-01 6.800132548934154642e-01
8.124615817767917303e-01 6.778502147523819410e-01
8.124615817767917303e-01 6.756871746113484178e-01
8.124615817767917303e-01 6.735241344703151167e-01
8.124615817767919523e-01 6.713610943292818156e-01
8.124615817767917303e-01 6.691980541882482925e-01
8.124615817767917303e-01 6.670350140472149914e-01
8.124615817767917303e-01 6.648719739061816902e-01
8.124615817767917303e-01 6.627089337651481671e-01
8.124615817767917303e-01 6.605458936241150880e-01
8.124615817767917303e-01 6.583828534830815649e-01
8.124615817767912862e-01 6.562198133420480417e-01
8.124615817767917303e-01 6.540567732010145185e-01
8.124615817767917303e-01 6.518937330599812174e-01
8.124615817767917303e-01 6.497306929189476943e-01
8.124615817767917303e-01 6.475676527779146152e-01
8.124615817767917303e-01 6.454046126368810921e-01
8.124615817767917303e-01 6.432415724958477909e-01
8.124615817767917303e-01 6.410785323548142678e-01
8.124615817767919523e-01 6.389154922137811887e-01
8.124615817767917303e-01 6.367524520727476656e-01
8.124615817767919523e-01 6.345894119317143645e-01
8.124615817767917303e-01 6.324263717906808413e-01
8.124615817767917303e-01 6.302633316496473181e-01
8.124615817767917303e-01 6.281002915086140170e-01
8.124615817767917303e-01 6.259372513675807159e-01
8.124615817767917303e-01 6.237742112265471928e-01
8.124615817767917303e-01 6.216111710855138917e-01
8.124615817767917303e-01 6.194481309444803685e-01
8.124615817767912862e-01 6.172850908034470674e-01
8.124615817767917303e-01 6.151220506624135442e-01
8.124615817767917303e-01 6.129590105213804652e-01
8.124615817767917303e-01 6.107959703803469420e-01
8.124615817767917303e-01 6.086329302393134189e-01
8.124615817767917303e-01 6.064698900982798957e-01
8.124615817767917303e-01 6.043068499572468166e-01
8.124615817767917303e-01 6.021438098162132935e-01
8.124615817767919523e-01 5.999807696751802144e-01
8.124615817767917303e-01 5.978177295341466913e-01
8.124615817767919523e-01 5.956546893931133901e-01
8.124615817767917303e-01 5.934916492520798670e-01
8.124615817767917303e-01 5.913286091110465659e-01
8.124615817767917303e-01 5.891655689700130427e-01
8.124615817767917303e-01 5.870025288289795196e-01
8.124615817767917303e-01 5.848394886879462184e-01
8.124615817767912862e-01 5.826764485469126953e-01
8.124615817767917303e-01 5.805134084058796162e-01
8.124615817767912862e-01 5.783503682648460931e-01
8.124615817767917303e-01 5.761873281238127920e-01
8.124615817767917303e-01 5.740242879827792688e-01
8.124615817767917303e-01 5.718612478417461897e-01
8.124615817767917303e-01 5.696982077007126666e-01
8.124615817767917303e-01 5.675351675596793655e-01
8.124615817767917303e-01 5.653721274186458423e-01
8.124615817767917303e-01 5.632090872776125412e-01
8.124615817767919523e-01 5.610460471365790180e-01
8.124615817767917303e-01 5.588830069955459390e-01
8.124615817767919523e-01 5.567199668545124158e-01
8.124615817767917303e-01 5.545569267134791147e-01
8.124615817767917303e-01 5.521775825583421504e-01
8.124615817767912862e-01 5.500145424173088493e-01
8.124615817767917303e-01 5.478515022762753262e-01
8.124615817767917303e-01 5.456884621352422471e-01
8.124615817767917303e-01 5.435254219942087239e-01
8.124615817767917303e-01 5.413623818531754228e-01
8.124615817767917303e-01 5.391993417121416776e-01
8.124615817767917303e-01 5.370363015711085986e-01
8.124615817767919523e-01 5.348732614300750754e-01
8.124615817767917303e-01 5.327102212890417743e-01
8.124615817767917303e-01 5.305471811480084732e-01
8.124615817767919523e-01 5.283841410069751721e-01
8.124615817767917303e-01 5.262211008659416489e-01
8.124615817767917303e-01 5.240580607249083478e-01
8.124615817767917303e-01 5.218950205838748246e-01
8.124615817767917303e-01 5.197319804428417456e-01
8.124615817767912862e-01 5.175689403018077783e-01
8.124615817767912862e-01 5.154059001607744772e-01
8.124615817767917303e-01 5.132428600197411761e-01
8.124615817767912862e-01 5.110798198787078750e-01
8.124615817767912862e-01 5.089167797376743518e-01
8.124615817767917303e-01 5.067537395966412728e-01
8.124615817767917303e-01 5.045906994556077496e-01
8.124615817767917303e-01 5.024276593145744485e-01
8.124615817767917303e-01 5.002646191735409253e-01
8.124615817767919523e-01 4.981015790325078463e-01
8.124615817767919523e-01 4.959385388914741011e-01
8.124615817767917303e-01 4.937754987504408000e-01
8.124615817767919523e-01 4.916124586094074989e-01
8.124615817767917303e-01 4.894494184683739757e-01
8.124615817767917303e-01 4.872863783273406746e-01
8.124615817767917303e-01 4.851233381863073735e-01
8.124615817767917303e-01 4.829602980452738503e-01
8.124615817767917303e-01 4.807972579042407713e-01
8.124615817767912862e-01 4.786342177632070261e-01
8.124615817767912862e-01 4.764711776221737249e-01
8.124615817767917303e-01 4.743081374811402018e-01
8.124615817767912862e-01 4.721450973401069007e-01
8.124615817767917303e-01 4.699820571990733775e-01
8.124615817767917303e-01 4.678190170580402985e-01
8.124615817767917303e-01 4.656559769170065533e-01
8.124615817767917303e-01 4.634929367759734742e-01
8.124615817767917303e-01 4.613298966349399510e-01
8.124615817767919523e-01 4.591668564939066499e-01
8.124615817767919523e-01 4.570038163528733488e-01
8.124615817767917303e-01 4.548407762118400477e-01
8.124615817767917303e-01 4.526777360708065245e-01
8.124615817767917303e-01 4.505146959297730014e-01
8.124615817767917303e-01 4.483516557887397003e-01
8.124615817767917303e-01 4.461886156477063992e-01
8.124615817767917303e-01 4.440255755066728760e-01
8.124615817767917303e-01 4.418625353656395749e-01
8.124615817767917303e-01 4.396994952246060517e-01
8.124615817767917303e-01 4.375364550835729727e-01
8.124615817767917303e-01 4.353734149425392275e-01
8.124615817767917303e-01 4.332103748015059264e-01
8.124615817767917303e-01 4.310473346604724032e-01
8.124615817767917303e-01 4.288842945194393241e-01
8.124615817767917303e-01 4.267212543784058010e-01
8.124615817767917303e-01 4.245582142373724999e-01
8.124615817767917303e-01 4.223951740963389767e-01
8.124615817767917303e-01 4.202321339553056756e-01
8.124615817767917303e-01 4.180690938142723745e-01
8.124615817767917303e-01 4.159060536732388513e-01
8.124615817767917303e-01 4.137430135322055502e-01
8.124615817767917303e-01 4.115799733911720271e-01
8.124615817767917303e-01 4.094169332501387260e-01
8.124615817767917303e-01 4.072538931091054248e-01
8.124615817767917303e-01 4.050908529680719017e-01
8.124615817767917303e-01 4.029278128270388226e-01
8.124615817767917303e-01 4.007647726860050774e-01
8.124615817767917303e-01 3.986017325449717763e-01
8.124615817767917303e-01 3.964386924039382532e-01
8.124615817767917303e-01 3.942756522629051741e-01
8.124615817767917303e-01 3.921126121218716509e-01
8.124615817767917303e-01 3.899495719808383498e-01
8.124615817767917303e-01 3.877865318398048267e-01
8.124615817767917303e-01 3.854071876846680844e-01
8.124615817767917303e-01 3.832441475436347833e-01
8.124615817767917303e-01 3.810811074026014822e-01
8.124615817767917303e-01 3.789180672615681811e-01
8.124615817767917303e-01 3.767550271205346579e-01
8.124615817767917303e-01 3.745919869795013568e-01
8.124615817767917303e-01 3.724289468384678337e-01
8.124615817767917303e-01 3.702659066974345325e-01
8.124615817767917303e-01 3.681028665564010094e-01
8.124615817767917303e-01 3.659398264153679303e-01
8.124615817767917303e-01 3.637767862743341851e-01
8.124615817767917303e-01 3.616137461333011061e-01
8.124615817767917303e-01 3.594507059922675829e-01
8.124615817767917303e-01 3.572876658512342818e-01
8.124615817767917303e-01 3.551246257102009807e-01
8.124615817767917303e-01 3.529615855691674575e-01
8.124615817767917303e-01 3.507985454281339344e-01
8.124615817767917303e-01 3.486355052871006333e-01
8.124615817767917303e-01 3.464724651460673321e-01
8.124615817767917303e-01 3.443094250050340310e-01
8.124615817767917303e-01 3.421463848640005079e-01
8.124615817767917303e-01 3.399833447229672068e-01
8.124615817767917303e-01 3.378203045819336836e-01
8.124615817767917303e-01 3.356572644409006045e-01
8.124615817767917303e-01 3.334942242998668593e-01
8.124615817767917303e-01 3.313311841588337803e-01
8.124615817767917303e-01 3.291681440178000351e-01
8.124615817767917303e-01 3.270051038767669560e-01
8.124615817767917303e-01 3.248420637357332108e-01
8.124615817767917303e-01 3.226790235947001317e-01
8.124615817767917303e-01 3.205159834536668306e-01
8.124615817767917303e-01 3.183529433126333075e-01
8.124615817767917303e-01 3.161899031716000064e-01
8.124615817767917303e-01 3.140268630305664832e-01
8.124615817767917303e-01 3.118638228895331821e-01
8.124615817767917303e-01 3.097007827484996589e-01
8.124615817767917303e-01 3.075377426074663578e-01
8.124615817767917303e-01 3.053747024664328347e-01
8.124615817767917303e-01 3.032116623253995336e-01
8.124615817767917303e-01 3.010486221843662324e-01
8.124615817767917303e-01 2.988855820433327093e-01
8.124615817767917303e-01 2.967225419022994082e-01
8.124615817767917303e-01 2.945595017612658850e-01
8.124615817767917303e-01 2.923964616202328060e-01
8.124615817767917303e-01 2.902334214791990608e-01
8.124615817767917303e-01 2.880703813381659817e-01
8.124615817767917303e-01 2.859073411971322365e-01
8.124615817767917303e-01 2.837443010560991574e-01
8.124615817767917303e-01 2.815812609150656343e-01
8.124615817767917303e-01 2.794182207740323332e-01
8.124615817767917303e-01 2.772551806329990320e-01
8.124615817767917303e-01 2.750921404919655089e-01
8.124615817767917303e-01 2.729291003509319857e-01
8.124615817767917303e-01 2.707660602098986846e-01
8.124615817767917303e-01 2.686030200688653835e-01
8.124615817767917303e-01 2.664399799278320824e-01
8.124615817767917303e-01 2.642769397867985592e-01
8.124615817767917303e-01 2.621138996457652581e-01
8.124615817767917303e-01 2.599508595047317350e-01
8.124615817767917303e-01 2.577878193636986559e-01
8.124615817767917303e-01 2.556247792226649107e-01
8.124615817767917303e-01 2.534617390816316096e-01
8.124615817767917303e-01 2.512986989405983085e-01
8.124615817767917303e-01 2.491356587995650074e-01
8.124615817767917303e-01 2.469726186585314842e-01
8.124615817767917303e-01 2.448095785174981831e-01
8.124615817767917303e-01 2.426465383764646599e-01
8.124615817767917303e-01 2.404834982354315809e-01
8.124615817767917303e-01 2.383204580943978357e-01
8.124615817767917303e-01 2.361574179533645346e-01
8.124615817767917303e-01 2.339943778123312335e-01
8.124615817767917303e-01 2.318313376712979323e-01
8.124615817767917303e-01 2.296682975302644092e-01
8.124615817767917303e-01 2.275052573892311081e-01
8.124615817767917303e-01 2.253422172481975849e-01
8.124615817767917303e-01 2.231791771071645059e-01
8.124615817767917303e-01 2.210161369661307607e-01
8.124615817767917303e-01 2.186367928109942405e-01
8.124615817767917303e-01 2.164737526699607173e-01
8.124615817767917303e-01 2.143107125289274162e-01
8.124615817767917303e-01 2.121476723878938930e-01
8.124615817767917303e-01 2.099846322468605919e-01
8.124615817767917303e-01 2.078215921058270688e-01
8.124615817767917303e-01 2.056585519647937677e-01
8.124615817767917303e-01 2.034955118237604665e-01
8.124615817767917303e-01 2.013324716827271654e-01
8.124615817767917303e-01 1.991694315416936423e-01
8.124615817767917303e-01 1.970063914006603412e-01
8.124615817767917303e-01 1.948433512596268180e-01
8.124615817767917303e-01 1.926803111185935169e-01
8.124615817767917303e-01 1.905172709775602158e-01
8.124615817767917303e-01 1.883542308365266926e-01
8.124615817767917303e-01 1.861911906954933915e-01
8.124615817767917303e-01 1.840281505544600904e-01
8.124615817767917303e-01 1.818651104134267893e-01
8.124615817767917303e-01 1.797020702723932661e-01
8.124615817767912862e-01 1.775390301313599650e-01
8.124615817767917303e-01 1.753759899903266639e-01
8.124615817767917303e-01 1.732129498492931408e-01
8.124615817767917303e-01 1.710499097082596176e-01
8.124615817767917303e-01 1.688868695672263165e-01
8.124615817767912862e-01 1.667238294261930154e-01
8.124615817767917303e-01 1.645607892851597143e-01
8.124615817767917303e-01 1.623977491441261911e-01
8.124615817767919523e-01 1.602347090030928900e-01
8.124615817767917303e-01 1.580716688620593668e-01
8.124615817767917303e-01 1.559086287210262878e-01
8.124615817767917303e-01 1.537455885799925426e-01
8.124615817767917303e-01 1.515825484389592415e-01
8.124615817767919523e-01 1.494195082979257183e-01
8.124615817767917303e-01 1.472564681568926392e-01
8.124615817767917303e-01 1.450934280158591161e-01
8.124615817767917303e-01 1.429303878748258150e-01
8.124615817767917303e-01 1.407673477337922918e-01
8.124615817767917303e-01 1.386043075927589907e-01
8.124615817767917303e-01 1.364412674517254676e-01
8.124615817767917303e-01 1.342782273106921664e-01
8.124615817767917303e-01 1.321151871696588653e-01
8.124615817767917303e-01 1.299521470286253422e-01
8.124615817767917303e-01 1.277891068875920411e-01
8.124615817767917303e-01 1.256260667465587400e-01
8.124615817767917303e-01 1.234630266055252168e-01
8.124615817767917303e-01 1.212999864644919157e-01
8.124615817767917303e-01 1.191369463234583925e-01
8.124615817767917303e-01 1.169739061824250914e-01
8.124615817767917303e-01 1.148108660413915683e-01
8.124615817767917303e-01 1.126478259003584892e-01
8.124615817767917303e-01 1.104847857593247440e-01
8.124615817767917303e-01 1.083217456182916649e-01
8.124615817767917303e-01 1.061587054772581418e-01
8.124615817767917303e-01 1.039956653362248407e-01
8.124615817767917303e-01 1.018326251951913175e-01
8.124615817767917303e-01 9.966958505415801639e-02
8.124615817767917303e-01 9.750654491312471528e-02
8.124615817767917303e-01 9.534350477209119212e-02
8.124615817767917303e-01 9.318046463105789101e-02
8.124615817767917303e-01 9.101742449002458990e-02
8.124615817767917303e-01 8.885438434899106674e-02
8.124615817767917303e-01 8.669134420795754359e-02
8.124615817767917303e-01 8.452830406692424248e-02
8.124615817767917303e-01 8.236526392589094137e-02
8.124615817767917303e-01 8.020222378485741821e-02
8.124615817767917303e-01 7.803918364382433914e-02
8.124615817767917303e-01 7.587614350279059394e-02
8.124615817767917303e-01 7.371310336175751488e-02
8.124615817767917303e-01 7.155006322072399172e-02
8.124615817767917303e-01 6.938702307969069061e-02
8.124615817767917303e-01 6.722398293865716745e-02
8.124615817767917303e-01 6.506094279762408839e-02
8.124615817767917303e-01 6.289790265659034318e-02
8.124615817767917303e-01 6.073486251555704207e-02
8.124615817767917303e-01 5.857182237452351892e-02
8.124615817767917303e-01 5.640878223349021781e-02
8.124615817767917303e-01 5.424574209245691669e-02